7.753530172485592686e+01
1.626269399715980910e+02
1.960638628013454650e+02
3.654188642220358929e+02
-6.875260381015817757e+01
-1.298393690413872150e+02
1.671648296198782759e+02
3.682551592269279581e+02
1.751787037528616793e+02
-6.286988889179096418e+01
-6.584175534103053451e+00
-1.560105688578570380e+02
-1.257476731046248233e+02
-8.201841030106933772e+01
5.691988953397441264e+02
-1.287758281252162647e+02
-9.522293243172163102e+01
8.083905982713770300e+01
2.779587493226154038e+01
-6.834598436493260465e+01
1.587330273144959847e+01
5.166755944201105422e+02
4.527485523332785533e+01
-5.581012427374000140e+01
-2.478337142184761888e+01
-1.631271785022467782e+02
-9.368046662960369986e+01
1.134760176498345459e+02
-1.226377262921493241e+02
5.130340695062027407e+02
8.827764204909628916e+02
7.079286856673206785e+01
-6.016961853542483141e+01
3.264189683099698414e+01
-5.776666762321988813e+01
-6.270146568949317611e+01
-1.976513706211702015e+01
8.006969262128337732e+02
-4.484589770805581566e+01
-1.310643847494398813e+02
-4.482178224129796718e+01
-1.115120096931115228e+02
1.496388170978875678e+02
-9.925445238468111597e+01
1.640494164111694317e+02
-7.742585770894535813e+01
-1.050064667443275113e+02
-4.481705932646985957e+01
-1.440700261497696033e+02
-1.561300852009149764e+02
-1.437546423688036725e+02
-1.259228480751972370e+02
-8.894295217245544904e+01
-1.060959983359593082e+02
-1.625219388228861135e+02
-4.214112494760391314e+01
-8.110810001852242124e+01
-1.176387948136757302e+02
-4.067379354680048209e+01
-3.959617987733906830e+01
-1.035174744154630559e+02
-5.069422777946016367e+00
-1.333323220798855573e+02
-1.223147178332858402e+02
8.991207726362648600e+01
-1.503228897724081605e+02
-7.517380367856354439e+01
3.401835508303545339e+02
1.598004163933808286e+00
-1.633238200124608284e+02
-1.332188977905019556e+01
7.941248590510804206e+01
7.984817356880768102e+00
-9.424427951481833077e+01
-1.414250050329802662e+02
9.140589119509738225e+01
8.666265717494036380e+01
9.617007243221628698e+01
9.710543712518565940e+01
2.225290670258547436e+02
1.064351661752639160e+02
1.307208420422947484e+02
2.181252511212016145e+02
7.296499876364619297e+01
8.902080113617803647e+01
9.485535152759061361e+01
1.292059887634164284e+02
5.437347664803498759e+01
1.045613119824788555e+02
3.412171797725572020e+01
5.272367145523141119e+01
3.264130301835542269e+01
2.594500363506055507e+01
4.428840830723403599e+01
3.507304727623212415e+01
5.896398499932137582e+01
1.269200993575174721e+02
7.742782060187592208e+01
4.136063671184624013e+01
3.747186292238983896e+01
3.450858053682804183e+01
4.435444578439303598e+01
4.696370895076974250e+01
5.864118927899619393e+01
4.454811097421235644e+01
7.734227095717898237e+01
3.681634037907429047e+01
2.637132943947884911e+01
3.833665535327195073e+01
5.745131581702476353e+01
4.567503561671489365e+01
6.622199356380846780e+01
6.994052720827163228e+01
4.617354686737996161e+01
4.747188133192163662e+01
3.867451829451962197e+01
5.011157865530814348e+01
4.568777847792883762e+01
4.599868562672875072e+01
3.348791354442629142e+01
4.473283468692320497e+01
1.931869564005059487e+02
9.360050509152642917e+01
1.570892444686561760e+02
1.979108196549472325e+02
1.047599230502561909e+02
4.189715413920284703e+01
5.866929478015380539e+01
3.803918255990765118e+01
6.682880253364380962e+01
3.097533867940257934e+01
3.609286388170923487e+01
3.152797638699137295e+01
5.165746237591593371e+01
3.894952771312344453e+01
3.274391205610380240e+01
1.762097919317085370e+01
2.434510514161739891e+01
7.774457878943262124e+00
1.435723226279690934e+01
1.232417911167391189e+01
7.831238628221508513e+00
1.045077203905876040e+01
5.771910242131964353e+00
2.081664250385928483e+01
7.917954384351806318e+00
1.828507161386743718e+01
7.752925736653290656e+00
1.001168429866146781e+01
1.344886131396499884e+01
7.314904454775780884e+00
1.219501538381893546e+01
7.214640837745840862e+00
5.239746317031264589e+00
7.595739376269055043e+00
5.163115518907783752e+00
6.217346389408030305e+00
7.806234714198022395e+00
4.894519129318227080e+00
7.410850810135976019e+00
7.346029579032775203e+00
4.211434415105111739e+00
1.661772446141547022e+01
1.976554924199616314e+00
6.701499897377328985e+00
9.772253208772651689e+00
1.254694369653713260e+01
1.443836748009879400e+01
9.555602802210673374e+00
1.184046939114965014e+01
1.109918580033695967e+01
1.484975099669501120e+01
4.767293190849042617e+01
9.094444170161082752e+00
1.063644768171324628e+01
1.553513881186646906e+01
8.985929546405432689e+01
1.366944218252162102e+02
1.071431204947313347e+02
3.028209565441036943e+02
9.312933690440360124e+01
8.916280696521701543e+01
7.177149655415711038e+01
6.785057156642896814e+01
4.182147150961358051e+01
1.172223906361099353e+02
1.998389008045346316e+02
6.439083057539018284e+01
4.115787690972126711e+02
4.843184371039632765e+02
6.318231997132254207e+01
3.091962064654826037e+01
4.108101044347390598e+02
1.127934167694181497e+03
1.084757861945130912e+02
2.044585610591173008e+01
3.343449874095803125e+02
2.137651981486772002e+02
9.009809361266670180e+01
3.175783196179799575e+02
5.826711301857599210e+02
4.605324323169486433e+02
4.135572519871727764e+02
3.650462494555863486e+02
1.083101821278867646e+03
3.048866866323758131e+02
3.907027269154219766e+02
5.072818385196793542e+02
6.361058844058773047e+02
5.332193549988152199e+02
1.109794320261303483e+03
2.677862944486948038e+01
3.460442001266420107e+02
3.838085901896612029e+01
2.596181958900962528e+01
2.377682557844759614e+01
2.583734587033364960e+01
1.868573681610846293e+01
7.864813442941361643e+01
1.821770636932076215e+01
1.627528932020213048e+01
7.852642213722333508e+01
7.838065191373748064e+01
5.713743589519702937e+01
8.677794845891115472e+01
9.196403392163468027e+01
1.919977273133450808e+02
1.480859026945438188e+02
4.961641098669024075e+01
3.599620251661878712e+01
3.679010438722197307e+01
1.419620509829685773e+02
5.092680239138075393e+01
6.929183352655587669e+01
6.975482515686958607e+01
1.109792736300597795e+02
3.776998040167951132e+01
4.656128105459018229e+01
4.240035045973107231e+01
4.615881181671547751e+01
8.320028138452914845e+01
4.288941536006947786e+01
7.260526300323858706e+00
7.861648487183363621e+00
1.013461996158823908e+01
6.506891592254325474e+01
6.338194668184828373e+01
8.067182316679109988e+01
4.639517304666929931e+01
7.934094393976533865e+01
6.608644836007461265e+01
3.792016822674091969e+01
4.753387913763516792e+01
3.861348866662098800e+01
5.559150363650145010e+01
5.956180314380485186e+01
6.668232569766095708e+01
5.291534864357725354e+01
3.802801733701696918e+01
6.486633881601692053e+01
5.717794586907491095e+01
8.178606446693298437e+01
7.565412101374970177e+01
6.956937924317337263e+01
3.039247758900247049e+02
1.969048445433584504e+02
1.669107100282420788e+02
1.000535849819597871e+02
7.669059670363930081e+01
6.536124398824023274e+01
7.543251695201209372e+01
7.962703328287643956e+01
1.382299581469912368e+02
1.710954835128109153e+02
1.690372102327378911e+02
1.613223132106867297e+01
1.973527093129465015e+02
7.637682020348805167e+01
2.024021817060847752e+02
6.238109719183932356e+01
0.000000000000000000e+00
0.000000000000000000e+00
0.000000000000000000e+00
3.453561252148231375e+01
7.899338915283333051e+01
1.903485817034469960e+02
7.673096881200895325e+01
9.952124344004589318e+01
1.843116538441444163e+02
4.818922644214339357e+02
1.639211098580759938e+02
1.602420111771620554e+02
1.648010278890293421e+02
1.524695013372740107e+02
1.753751087940241860e+02
1.703822805976016070e+02
1.567597337386774541e+02
1.425516671518045655e+02
4.712531418299392385e+02
4.476030285390665995e+02
1.366498977893546396e+02
3.396226383205467982e+02
2.004069718038631436e+02
1.992639052516994695e+02
1.463621774860649793e+02
3.061779045001325699e+02
2.860166617469672588e+02
3.100499506392998796e+02
6.271200636469177425e+02
6.646837149338467725e+02
2.954058701967845764e+02
2.204252558730781573e+02
7.607636625473994627e+02
7.447166054525697518e+02
8.706337786756446349e+02
1.580496318869209063e+02
3.223059837813410923e+03
1.263780519860824143e+03
6.817707257166028967e+02
6.424864151647354902e+02
1.280108038643002146e+03
8.919463110461167616e+02
7.998862681537178787e+02
1.355828511792642303e+03
2.399554972377620743e+03
6.192958321414771490e+02
9.483686266660459978e+02
6.613607890704423653e+02
8.094832027221345925e+02
2.020801420965725583e+02
1.360881780803011225e+03
1.856333605156438011e+02
1.125994698886951483e+03
9.916482173387425973e+02
1.848817903926640611e+03
1.059664254667144405e+03
1.390843936985774008e+03
7.982706978030852270e+02
8.886557357013774663e+02
1.334155327897386769e+03
8.199642958436764957e+02
5.633452011327524360e+02
6.712266988329088235e+02
6.667550655747442079e+02
7.278689817560684787e+02
7.323697292736704867e+01
1.546267531595490027e+03
7.001525912017369535e+01
8.714766344097773754e+02
2.195349479780954880e+03
1.032401674988148670e+03
1.346156722034972972e+03
8.466252300809813960e+02
1.060656969265984344e+03
1.741124059466051506e+02
1.303712203022196718e+03
6.946293061153630788e+02
9.519951418002098080e+02
6.750865768694192184e+02
8.541266981610003768e+02
4.379913834718681187e+02
9.174011819304371329e+02
1.476705038366646022e+03
3.438593222222423265e+02
1.012996589995622344e+03
1.390133200159639273e+03
7.558404147689368529e+02
2.564631811646352617e+03
5.832639495672335670e+02
1.962789385300133290e+03
1.113476080662077038e+03
1.893739718892182054e+03
1.117358840357616145e+03
1.039637065785455889e+03
3.839521887107486009e+02
1.318517956016801691e+03
1.196707573787442243e+03
8.708456356298496530e+02
1.187758983939142126e+03
1.536001083991678115e+03
1.014553516881540190e+03
5.776468968628070115e+02
1.274306496986242564e+03
1.251995890790199383e+03
3.635214924096718505e+02
2.035069626780808903e+03
2.073553879617716120e+03
6.745788990608914446e+02
7.385634302883246392e+02
2.080951350778732831e+03
2.090951578210892421e+03
1.451126645590146836e+03
2.833871508812406432e+02
5.783503684928584789e+02
6.736895972854621277e+02
1.095663159709851698e+03
9.110851232505268626e+02
4.867249077855266819e+02
1.295911617970176621e+03
1.854854233303368119e+03
2.062813700844170398e+03
7.480447577920979256e+02
2.438775300229675395e+03
1.412465044145988031e+03
1.201786822229668587e+03
1.321736638583086233e+03
9.036442661221133221e+02
5.353992140894255272e+02
7.622414904138262273e+02
2.537381871459023841e+03
9.625473149796754342e+02
7.134330241987747740e+02
2.159336682458416817e+03
6.091746624498862275e+02
1.995235210043164898e+03
2.033649857007329501e+03
1.683583753715648072e+03
1.867935209294909782e+03
1.897184693006115594e+03
1.764468194568775345e+02
2.353565185925009246e+03
1.435919394622780374e+03
1.131408076590060318e+03
1.366047524508593824e+03
1.680114847511284324e+03
1.869961589153623663e+03
1.474392234329909797e+03
1.427338073502358384e+03
7.734499638231261542e+02
2.218263716960502734e+03
2.901042438787622359e+03
1.669231895653355423e+03
1.063688868554693499e+03
1.954778231036968009e+03
2.126682463749737053e+03
1.823736851803596437e+03
3.334210384991897627e+02
1.964651603285219608e+03
1.349620649986571379e+03
2.074051669059528649e+03
1.319673504544964544e+03
1.782051173310090462e+03
2.125505779607432032e+03
1.807996422558920813e+03
1.257433651309300330e+03
7.973631702631228109e+02
1.874909456794789833e+02
2.484967026437342383e+02
2.187369237281810911e+03
9.314939572087546367e+02
1.640566590316814882e+03
3.220073821899309792e+02
1.967505190724066324e+02
3.504921026407113231e+02
1.620278471731786340e+03
1.573441017143336467e+03
1.688194694405394785e+03
1.804933794765075163e+03
3.882242237714673934e+02
1.810570485356204244e+03
5.967339194964800697e+01
1.517956534698951600e+03
2.086992545442230949e+02
7.313357877218408021e+01
1.496240855103804734e+03
1.489232599659206016e+03
2.330995723937906405e+03
1.818524334703693285e+03
2.097925368086379194e+02
1.808391933074354029e+03
1.800178952134266410e+03
2.684425143987545198e+03
1.958019577216967264e+03
2.032312086832543628e+03
1.239463163857209793e+03
2.032807743113301058e+03
2.051398557667150271e+03
2.603774404436498116e+03
5.403473128842438200e+02
2.678438247325586872e+03
2.038620057596183869e+03
2.816869089064580749e+03
2.015774099794277390e+03
2.659043176020669307e+03
2.064113066847856317e+03
1.100005426476361890e+03
2.394365465217050314e+03
8.908725569945272582e+02
3.186451480434931909e+03
4.189326907092595320e+02
1.958306797284504682e+03
8.750648956082568475e+02
3.279353644632570649e+03
3.910310185943683791e+03
5.334167074903584762e+03
2.663021027049559962e+03
2.514429427489834325e+03
2.891000031241717807e+03
5.851172302133554695e+03
5.619697844969903144e+01
4.359033609928080296e+03
6.843941748938952969e+02
4.017790616031434638e+03
2.023132128909850053e+03
8.480654229482183837e+01
2.273066162130135126e+03
4.126735322010677010e+03
3.858849017374431241e+03
4.649253940825632526e+03
3.312713293835471632e+03
2.065368767373896389e+03
5.284147176765941367e+03
4.547876624746312700e+03
2.201039693227038470e+02
1.848585869539645046e+02
3.570632460186188837e+03
2.012935273164846876e+03
1.793783837796428088e+03
4.561675620813444766e+03
2.654247359066206400e+02
2.863521740467980180e+03
4.901826295921779092e+03
4.408896074717728879e+03
3.764437574328727351e+03
3.607977329351656408e+03
4.390578938589433164e+03
4.359071713743816872e+03
2.727323539204492590e+03
2.821312566259283017e+02
2.135818011434885761e+02
4.201992406431656491e+03
4.659354278160352806e+03
2.652500884094733919e+03
2.517813782355121930e+03
5.377857504902950495e+03
4.502540963331192870e+03
5.586554230052927778e+03
2.658586186768069410e+02
5.778131762309146779e+02
5.618291836331111881e+03
1.404340365911045296e+01
1.933200649602522844e+03
3.762783223632222871e+03
1.801295494852397269e+03
3.257016932504306624e+03
4.608759670198784079e+03
4.341282326872968042e+03
2.824731830558088404e+03
2.879752810361331399e+02
3.885302787612793963e+03
7.998668286534742720e+02
4.105525196961341862e+03
3.613648223888672874e+03
3.012291016775595835e+02
3.124026518891088244e+01
1.491724402697039409e+02
5.411809265457932270e+02
2.976452018012789722e+03
2.568604348582383068e+02
1.684716641473448817e+02
2.202071054866806890e+02
5.018053025534149128e+03
3.237745123187968602e+03
5.326784631371533578e+03
4.165141138444329044e+03
3.837145255005131276e+03
4.486659799862187356e+03
3.174842505167377112e+03
4.153842459518994474e+03
3.064845708368391115e+03
2.402300922371277011e+03
1.587358811034541759e+03
2.934242259079082487e+03
4.118377828224215591e+03
5.266182693422982993e+03
4.756783144914425975e+03
2.976512723119106340e+03
5.653987283744573688e+03
5.320146489470778761e+03
3.155742685048981002e+03
3.837323904890366066e+03
4.422352531077070125e+03
6.479313553240015608e+03
3.692742653712567517e+03
2.296033343132142818e+03
1.647524504396418251e+03
2.599755208633168309e+02
5.033780436162745900e+03
4.578302042216557311e+03
3.025655513673867517e+03
3.204099367615591518e+02
5.710284303788945181e+03
3.804365943005652184e+01
5.205285444159465442e+03
2.448453146610750537e+03
4.640360455259408809e+03
1.503039356800383530e+03
1.489787159290608997e+03
2.878932265995864782e+03
5.841651724816098977e+03
4.355082228400280655e+03
3.046777114659120798e+03
6.421811075520001395e+03
2.683818220378249862e+03
7.351633787824805950e+03
3.398655574835571770e+03
4.163392140019542239e+03
2.405952619595449050e+03
7.238419465528012552e+03
1.959751540575535728e+03
6.160451120039902889e+03
3.390149752907547736e+03
3.354282269860660108e+03
3.677870723620336321e+03
6.041475202396369241e+03
3.973769137207370022e+03
2.521863463554277587e+03
3.274473542101347903e+03
4.111163583011746596e+03
3.123403639552087952e+03
5.664360829630055377e+03
6.326258960975211266e+03
4.949624176392896970e+02
3.114223269684124716e+03
2.327842461791205096e+03
6.323156478118189625e+03
4.326967869501364476e+03
5.393354407287433787e+03
4.880193593651223637e+03
2.242135978955905102e+02
2.204952871169195987e+03
3.232873934316025952e+03
4.119270301763805946e+03
2.933303557182528493e+03
1.869864681753995683e+03
3.299359115518996077e+03
7.704486998561162181e+03
4.156014982708856223e+03
4.539806783014023495e+03
3.827795711528523043e+03
4.471773300213124458e+03
2.930434677017506147e+03
4.550801250320608233e+03
4.267333627148641995e+01
3.318198015553869482e+03
5.634082495267926788e+03
5.912720664964011121e+03
4.743908330247836602e+02
2.423405796339485278e+03
3.551026915969559923e+02
4.655951642012197226e+03
2.504610625634528787e+03
3.136000917096839657e+02
2.455702903964644520e+03
1.158578508383966437e+02
5.628923388731878731e+03
2.555310816498604254e+03
1.250486950914722001e+03
4.973213665935985773e+03
5.529278263336272175e+03
3.581956438490963137e+03
5.492214964444488942e+03
4.536034945782042087e+03
2.970725715173711706e+03
5.540371374263277175e+03
4.411104860553958133e+03
2.099956246704951809e+03
4.738103608189708211e+03
5.768623611875044844e+03
2.822805333413177777e+03
3.128180097212742794e+02
3.704039889629369554e+03
3.107827005320343233e+03
3.828827540663711716e+03
9.576168830596336647e+02
4.813201932158465752e+03
3.095887492102698161e+03
2.095349417191444900e+03
5.665845118029647892e+03
1.525971164210404595e+03
1.393582217973321804e+03
5.154204436660082138e+03
4.174905815750172223e+03
2.504150060840459446e+03
5.431390514764867476e+03
5.767907537086422053e+03
2.978726348930416862e+03
2.940928924215078951e+03
5.541088516028571576e+03
1.654481537210592478e+03
5.991701771302426096e+03
5.353583148550638725e+03
1.103246431514161827e+02
2.498263922448636094e+03
3.179498340442732569e+03
7.473380588220722984e+02
1.537747983258763725e+03
4.207852214838678265e+03
3.086495824865854047e+03
2.969099363382786123e+03
5.131404698342228585e+03
1.185962705812438571e+02
4.933175551239309243e+03
3.854743235571475907e+03
3.314179207493457398e+03
4.349740857197778496e+03
2.588676436051906421e+03
6.464086066810797092e+03
6.173025008234231791e+03
9.049039779642300800e+02
5.588352209290307655e+03
5.494145383803267578e+03
1.994311517663862787e+02
5.401737078216881855e+03
4.622585760189244297e+01
5.402240892741549033e+03
4.443356000136256625e+03
4.726669140915680146e+03
