7.753530172485592686e+01
1.626269399715980910e+02
1.960638628013454650e+02
3.654188642220358929e+02
-6.875260381015817757e+01
-1.298393690413872150e+02
1.671648296198782759e+02
3.682551592269279581e+02
1.751787037528616793e+02
-6.286988889179096418e+01
-6.584175534103053451e+00
-1.560105688578570380e+02
-1.257476731046248233e+02
-8.201841030106933772e+01
5.691988953397441264e+02
-1.287758281252162647e+02
-9.522293243172163102e+01
8.083905982713770300e+01
2.779587493226154038e+01
-6.834598436493260465e+01
1.587330273144959847e+01
5.166755944201105422e+02
4.527485523332785533e+01
-5.581012427374000140e+01
-2.478337142184761888e+01
-1.631271785022467782e+02
-9.368046662960369986e+01
1.134760176498345459e+02
-1.226377262921493241e+02
5.130340695062027407e+02
8.827764204909628916e+02
7.079286856673206785e+01
-6.016961853542483141e+01
3.264189683099698414e+01
-5.776666762321988813e+01
-6.270146568949317611e+01
-1.976513706211702015e+01
8.006969262128337732e+02
-4.484589770805581566e+01
-1.310643847494398813e+02
-4.482178224129796718e+01
-1.115120096931115228e+02
1.496388170978875678e+02
-9.925445238468111597e+01
1.640494164111694317e+02
-7.742585770894535813e+01
-1.050064667443275113e+02
-4.481705932646985957e+01
-1.440700261497696033e+02
-1.561300852009149764e+02
-1.437546423688036725e+02
-1.259228480751972370e+02
-8.894295217245544904e+01
-1.060959983359593082e+02
-1.625219388228861135e+02
-4.214112494760391314e+01
-8.110810001852242124e+01
-1.176387948136757302e+02
-4.067379354680048209e+01
-3.959617987733906830e+01
-1.035174744154630559e+02
-5.069422777946016367e+00
-1.333323220798855573e+02
-1.223147178332858402e+02
8.991207726362648600e+01
-1.503228897724081605e+02
-7.517380367856354439e+01
3.401835508303545339e+02
1.598004163933808286e+00
-1.633238200124608284e+02
-1.332188977905019556e+01
7.941248590510804206e+01
7.984817356880768102e+00
-9.424427951481833077e+01
-1.414250050329802662e+02
9.140589119509738225e+01
8.666265717494036380e+01
9.617007243221628698e+01
9.710543712518565940e+01
2.225290670258547436e+02
1.064351661752639160e+02
1.307208420422947484e+02
2.181252511212016145e+02
7.296499876364619297e+01
8.902080113617803647e+01
9.485535152759061361e+01
1.292059887634164284e+02
5.437347664803498759e+01
1.045613119824788555e+02
3.412171797725572020e+01
5.272367145523141119e+01
3.264130301835542269e+01
2.594500363506055507e+01
4.428840830723403599e+01
3.507304727623212415e+01
5.896398499932137582e+01
1.269200993575174721e+02
7.742782060187592208e+01
4.136063671184624013e+01
3.747186292238983896e+01
3.450858053682804183e+01
4.435444578439303598e+01
4.696370895076974250e+01
5.864118927899619393e+01
4.454811097421235644e+01
7.734227095717898237e+01
3.681634037907429047e+01
2.637132943947884911e+01
3.833665535327195073e+01
5.745131581702476353e+01
4.567503561671489365e+01
6.622199356380846780e+01
6.994052720827163228e+01
4.617354686737996161e+01
4.747188133192163662e+01
3.867451829451962197e+01
5.011157865530814348e+01
4.568777847792883762e+01
4.599868562672875072e+01
3.348791354442629142e+01
4.473283468692320497e+01
1.931869564005059487e+02
9.360050509152642917e+01
1.570892444686561760e+02
1.979108196549472325e+02
1.047599230502561909e+02
4.189715413920284703e+01
5.866929478015380539e+01
3.803918255990765118e+01
6.682880253364380962e+01
3.097533867940257934e+01
3.609286388170923487e+01
3.152797638699137295e+01
5.165746237591593371e+01
3.894952771312344453e+01
3.274391205610380240e+01
1.762097919317085370e+01
2.434510514161739891e+01
7.774457878943262124e+00
1.435723226279690934e+01
1.232417911167391189e+01
7.831238628221508513e+00
1.045077203905876040e+01
5.771910242131964353e+00
2.081664250385928483e+01
7.917954384351806318e+00
1.828507161386743718e+01
7.752925736653290656e+00
1.001168429866146781e+01
1.344886131396499884e+01
7.314904454775780884e+00
1.219501538381893546e+01
7.214640837745840862e+00
5.239746317031264589e+00
7.595739376269055043e+00
5.163115518907783752e+00
6.217346389408030305e+00
7.806234714198022395e+00
4.894519129318227080e+00
7.410850810135976019e+00
7.346029579032775203e+00
4.211434415105111739e+00
1.661772446141547022e+01
1.976554924199616314e+00
6.701499897377328985e+00
9.772253208772651689e+00
1.254694369653713260e+01
1.443836748009879400e+01
9.555602802210673374e+00
1.184046939114965014e+01
1.109918580033695967e+01
1.484975099669501120e+01
4.767293190849042617e+01
9.094444170161082752e+00
1.063644768171324628e+01
1.553513881186646906e+01
8.985929546405432689e+01
1.366944218252162102e+02
1.071431204947313347e+02
3.028209565441036943e+02
9.312933690440360124e+01
8.916280696521701543e+01
7.177149655415711038e+01
6.785057156642896814e+01
4.182147150961358051e+01
1.172223906361099353e+02
1.998389008045346316e+02
6.439083057539018284e+01
4.115787690972126711e+02
4.843184371039632765e+02
6.318231997132254207e+01
3.091962064654826037e+01
4.108101044347390598e+02
1.127934167694181497e+03
1.084757861945130912e+02
2.044585610591173008e+01
3.343449874095803125e+02
2.137651981486772002e+02
9.009809361266670180e+01
3.175783196179799575e+02
5.826711301857599210e+02
4.605324323169486433e+02
4.135572519871727764e+02
3.650462494555863486e+02
1.083101821278867646e+03
3.048866866323758131e+02
3.907027269154219766e+02
5.072818385196793542e+02
6.361058844058773047e+02
5.332193549988152199e+02
1.109794320261303483e+03
2.677862944486948038e+01
3.460442001266420107e+02
3.838085901896612029e+01
2.596181958900962528e+01
2.377682557844759614e+01
2.583734587033364960e+01
1.868573681610846293e+01
7.864813442941361643e+01
1.821770636932076215e+01
1.627528932020213048e+01
7.852642213722333508e+01
7.838065191373748064e+01
5.713743589519702937e+01
8.677794845891115472e+01
9.196403392163468027e+01
1.919977273133450808e+02
1.480859026945438188e+02
4.961641098669024075e+01
3.599620251661878712e+01
3.679010438722197307e+01
1.419620509829685773e+02
5.092680239138075393e+01
6.929183352655587669e+01
6.975482515686958607e+01
1.109792736300597795e+02
3.776998040167951132e+01
4.656128105459018229e+01
4.240035045973107231e+01
4.615881181671547751e+01
8.320028138452914845e+01
4.288941536006947786e+01
7.260526300323858706e+00
7.861648487183363621e+00
1.013461996158823908e+01
6.506891592254325474e+01
6.338194668184828373e+01
8.067182316679109988e+01
4.639517304666929931e+01
7.934094393976533865e+01
6.608644836007461265e+01
3.792016822674091969e+01
4.753387913763516792e+01
3.861348866662098800e+01
5.559150363650145010e+01
5.956180314380485186e+01
6.668232569766095708e+01
5.291534864357725354e+01
3.802801733701696918e+01
6.486633881601692053e+01
5.717794586907491095e+01
8.178606446693298437e+01
7.565412101374970177e+01
6.956937924317337263e+01
3.039247758900247049e+02
1.969048445433584504e+02
1.669107100282420788e+02
1.000535849819597871e+02
7.669059670363930081e+01
6.536124398824023274e+01
7.543251695201209372e+01
7.962703328287643956e+01
1.382299581469912368e+02
1.710954835128109153e+02
1.690372102327378911e+02
1.613223132106867297e+01
1.973527093129465015e+02
7.637682020348805167e+01
2.024021817060847752e+02
6.238109719183932356e+01
0.000000000000000000e+00
0.000000000000000000e+00
0.000000000000000000e+00
3.453561252148231375e+01
7.899338915283333051e+01
1.903485817034469960e+02
7.673096881200895325e+01
9.952124344004589318e+01
1.843116538441444163e+02
4.818922644214339357e+02
1.639211098580759938e+02
1.602420111771620554e+02
1.648010278890293421e+02
1.524695013372740107e+02
1.753751087940241860e+02
1.703822805976016070e+02
1.567597337386774541e+02
1.425516671518045655e+02
4.712531418299392385e+02
4.476030285390665995e+02
1.366498977893546396e+02
3.396226383205467982e+02
2.004069718038631436e+02
1.992639052516994695e+02
1.463621774860649793e+02
3.061779045001325699e+02
2.860166617469672588e+02
3.100499506392998796e+02
6.271200636469177425e+02
6.646837149338467725e+02
2.954058701967845764e+02
2.204252558730781573e+02
7.607636625473994627e+02
7.447166054525697518e+02
8.706337786756446349e+02
1.580496318869209063e+02
3.223059837813410923e+03
1.263780519860824143e+03
6.817707257166028967e+02
6.424864151647354902e+02
1.280108038643002146e+03
8.919463110461167616e+02
7.998862681537178787e+02
1.355828511792642303e+03
2.399554972377620743e+03
6.192958321414771490e+02
9.483686266660459978e+02
6.613607890704423653e+02
8.094832027221345925e+02
2.020801420965725583e+02
1.360881780803011225e+03
1.856333605156438011e+02
1.125994698886951483e+03
9.916482173387425973e+02
1.848817903926640611e+03
1.059664254667144405e+03
1.390843936985774008e+03
7.982706978030852270e+02
8.886557357013774663e+02
1.334155327897386769e+03
8.199642958436764957e+02
5.633452011327524360e+02
6.712266988329088235e+02
6.667550655747442079e+02
7.278689817560684787e+02
7.323697292736704867e+01
1.546267531595490027e+03
7.001525912017369535e+01
8.714766344097773754e+02
2.195349479780954880e+03
1.032401674988148670e+03
1.346156722034972972e+03
8.466252300809813960e+02
1.060656969265984344e+03
1.741124059466051506e+02
1.303712203022196718e+03
6.946293061153630788e+02
9.519951418002098080e+02
6.750865768694192184e+02
8.541266981610003768e+02
4.379913834718681187e+02
9.174011819304371329e+02
1.476705038366646022e+03
3.438593222222423265e+02
1.012996589995622344e+03
1.390133200159639273e+03
7.558404147689368529e+02
2.564631811646352617e+03
5.832639495672335670e+02
1.962789385300133290e+03
1.113476080662077038e+03
1.893739718892182054e+03
1.117358840357616145e+03
1.039637065785455889e+03
3.839521887107486009e+02
1.318517956016801691e+03
1.196707573787442243e+03
8.708456356298496530e+02
1.187758983939142126e+03
1.536001083991678115e+03
1.014553516881540190e+03
5.776468968628070115e+02
1.274306496986242564e+03
1.251995890790199383e+03
3.635214924096718505e+02
2.035069626780808903e+03
2.073553879617716120e+03
6.745788990608914446e+02
7.385634302883246392e+02
2.080951350778732831e+03
2.090951578210892421e+03
1.451126645590146836e+03
2.833871508812406432e+02
5.783503684928584789e+02
6.736895972854621277e+02
1.095663159709851698e+03
9.110851232505268626e+02
4.867249077855266819e+02
1.295911617970176621e+03
1.854854233303368119e+03
2.062813700844170398e+03
7.480447577920979256e+02
2.438775300229675395e+03
1.412465044145988031e+03
1.201786822229668587e+03
1.321736638583086233e+03
9.036442661221133221e+02
5.353992140894255272e+02
7.622414904138262273e+02
2.537381871459023841e+03
9.625473149796754342e+02
7.134330241987747740e+02
2.159336682458416817e+03
6.091746624498862275e+02
1.995235210043164898e+03
2.033649857007329501e+03
1.683583753715648072e+03
1.867935209294909782e+03
1.897184693006115594e+03
1.764468194568775345e+02
2.353565185925009246e+03
1.435919394622780374e+03
1.131408076590060318e+03
1.366047524508593824e+03
1.680114847511284324e+03
1.869961589153623663e+03
1.474392234329909797e+03
1.427338073502358384e+03
7.734499638231261542e+02
2.218263716960502734e+03
2.901042438787622359e+03
1.669231895653355423e+03
1.063688868554693499e+03
1.954778231036968009e+03
2.126682463749737053e+03
1.823736851803596437e+03
3.334210384991897627e+02
1.964651603285219608e+03
1.349620649986571379e+03
2.074051669059528649e+03
1.319673504544964544e+03
1.782051173310090462e+03
2.125505779607432032e+03
1.807996422558920813e+03
1.257433651309300330e+03
7.973631702631228109e+02
1.874909456794789833e+02
2.484967026437342383e+02
2.187369237281810911e+03
9.314939572087546367e+02
1.640566590316814882e+03
3.220073821899309792e+02
1.967505190724066324e+02
3.504921026407113231e+02
1.620278471731786340e+03
1.573441017143336467e+03
1.688194694405394785e+03
1.804933794765075163e+03
3.882242237714673934e+02
1.810570485356204244e+03
5.967339194964800697e+01
1.517956534698951600e+03
2.086992545442230949e+02
7.313357877218408021e+01
1.496240855103804734e+03
1.489232599659206016e+03
2.330995723937906405e+03
1.818524334703693285e+03
2.097925368086379194e+02
1.808391933074354029e+03
1.800178952134266410e+03
2.684425143987545198e+03
1.958019577216967264e+03
2.032312086832543628e+03
1.239463163857209793e+03
2.032807743113301058e+03
2.051398557667150271e+03
2.603774404436498116e+03
5.403473128842438200e+02
2.678438247325586872e+03
2.038620057596183869e+03
2.816869089064580749e+03
2.015774099794277390e+03
2.659043176020669307e+03
2.064113066847856317e+03
1.100005426476361890e+03
2.394365465217050314e+03
8.908725569945272582e+02
3.186451480434931909e+03
4.189326907092595320e+02
1.958306797284504682e+03
8.750648956082568475e+02
3.279353644632570649e+03
3.910310185943683791e+03
5.334167074903584762e+03
2.663021027049559962e+03
2.514429427489834325e+03
2.891000031241717807e+03
5.851172302133554695e+03
5.619697844969903144e+01
4.359033609928080296e+03
6.843941748938952969e+02
4.017790616031434638e+03
2.023132128909850053e+03
8.480654229482183837e+01
2.273066162130135126e+03
4.126735322010677010e+03
3.858849017374431241e+03
4.649253940825632526e+03
3.312713293835471632e+03
2.065368767373896389e+03
5.284147176765941367e+03
4.547876624746312700e+03
2.201039693227038470e+02
1.848585869539645046e+02
3.570632460186188837e+03
2.012935273164846876e+03
1.793783837796428088e+03
4.561675620813444766e+03
2.654247359066206400e+02
2.863521740467980180e+03
4.901826295921779092e+03
4.408896074717728879e+03
3.764437574328727351e+03
3.607977329351656408e+03
4.390578938589433164e+03
4.359071713743816872e+03
2.727323539204492590e+03
2.821312566259283017e+02
2.135818011434885761e+02
4.201992406431656491e+03
4.659354278160352806e+03
2.652500884094733919e+03
2.517813782355121930e+03
5.377857504902950495e+03
4.502540963331192870e+03
5.586554230052927778e+03
2.658586186768069410e+02
5.778131762309146779e+02
5.618291836331111881e+03
1.404340365911045296e+01
1.933200649602522844e+03
3.762783223632222871e+03
1.801295494852397269e+03
3.257016932504306624e+03
4.608759670198784079e+03
4.341282326872968042e+03
2.824731830558088404e+03
2.879752810361331399e+02
3.885302787612793963e+03
7.998668286534742720e+02
4.105525196961341862e+03
3.613648223888672874e+03
3.012291016775595835e+02
3.124026518891088244e+01
1.491724402697039409e+02
5.411809265457932270e+02
2.976452018012789722e+03
2.568604348582383068e+02
1.684716641473448817e+02
2.202071054866806890e+02
5.018053025534149128e+03
3.237745123187968602e+03
5.326784631371533578e+03
4.165141138444329044e+03
3.837145255005131276e+03
4.486659799862187356e+03
3.174842505167377112e+03
4.153842459518994474e+03
3.064845708368391115e+03
2.402300922371277011e+03
1.587358811034541759e+03
2.934242259079082487e+03
4.118377828224215591e+03
5.266182693422982993e+03
4.756783144914425975e+03
2.976512723119106340e+03
5.653987283744573688e+03
5.320146489470778761e+03
3.155742685048981002e+03
3.837323904890366066e+03
4.422352531077070125e+03
6.479313553240015608e+03
3.692742653712567517e+03
2.296033343132142818e+03
1.647524504396418251e+03
2.599755208633168309e+02
5.033780436162745900e+03
4.578302042216557311e+03
3.025655513673867517e+03
3.204099367615591518e+02
5.710284303788945181e+03
3.804365943005652184e+01
5.205285444159465442e+03
2.448453146610750537e+03
4.640360455259408809e+03
1.503039356800383530e+03
1.489787159290608997e+03
2.878932265995864782e+03
5.841651724816098977e+03
4.355082228400280655e+03
3.046777114659120798e+03
6.421811075520001395e+03
2.683818220378249862e+03
7.351633787824805950e+03
3.398655574835571770e+03
4.163392140019542239e+03
2.405952619595449050e+03
7.238419465528012552e+03
1.959751540575535728e+03
6.160451120039902889e+03
3.390149752907547736e+03
3.354282269860660108e+03
3.677870723620336321e+03
6.041475202396369241e+03
3.973769137207370022e+03
2.521863463554277587e+03
3.274473542101347903e+03
4.111163583011746596e+03
3.123403639552087952e+03
5.664360829630055377e+03
6.326258960975211266e+03
4.949624176392896970e+02
3.114223269684124716e+03
2.327842461791205096e+03
6.323156478118189625e+03
4.326967869501364476e+03
5.393354407287433787e+03
4.880193593651223637e+03
2.242135978955905102e+02
2.204952871169195987e+03
3.232873934316025952e+03
4.119270301763805946e+03
2.933303557182528493e+03
1.869864681753995683e+03
3.299359115518996077e+03
7.704486998561162181e+03
4.156014982708856223e+03
4.539806783014023495e+03
3.827795711528523043e+03
4.471773300213124458e+03
2.930434677017506147e+03
4.550801250320608233e+03
4.267333627148641995e+01
3.318198015553869482e+03
5.634082495267926788e+03
5.912720664964011121e+03
4.743908330247836602e+02
2.423405796339485278e+03
3.551026915969559923e+02
4.655951642012197226e+03
2.504610625634528787e+03
3.136000917096839657e+02
2.455702903964644520e+03
1.158578508383966437e+02
5.628923388731878731e+03
2.555310816498604254e+03
1.250486950914722001e+03
4.973213665935985773e+03
5.529278263336272175e+03
3.581956438490963137e+03
5.492214964444488942e+03
4.536034945782042087e+03
2.970725715173711706e+03
5.540371374263277175e+03
4.411104860553958133e+03
2.099956246704951809e+03
4.738103608189708211e+03
5.768623611875044844e+03
2.822805333413177777e+03
3.128180097212742794e+02
3.704039889629369554e+03
3.107827005320343233e+03
3.828827540663711716e+03
9.576168830596336647e+02
4.813201932158465752e+03
3.095887492102698161e+03
2.095349417191444900e+03
5.665845118029647892e+03
1.525971164210404595e+03
1.393582217973321804e+03
5.154204436660082138e+03
4.174905815750172223e+03
2.504150060840459446e+03
5.431390514764867476e+03
5.767907537086422053e+03
2.978726348930416862e+03
2.940928924215078951e+03
5.541088516028571576e+03
1.654481537210592478e+03
5.991701771302426096e+03
5.353583148550638725e+03
1.103246431514161827e+02
2.498263922448636094e+03
3.179498340442732569e+03
7.473380588220722984e+02
1.537747983258763725e+03
4.207852214838678265e+03
3.086495824865854047e+03
2.969099363382786123e+03
5.131404698342228585e+03
1.185962705812438571e+02
4.933175551239309243e+03
3.854743235571475907e+03
3.314179207493457398e+03
4.349740857197778496e+03
2.588676436051906421e+03
6.464086066810797092e+03
6.173025008234231791e+03
9.049039779642300800e+02
5.588352209290307655e+03
5.494145383803267578e+03
1.994311517663862787e+02
5.401737078216881855e+03
4.622585760189244297e+01
5.402240892741549033e+03
4.443356000136256625e+03
4.726669140915680146e+03
6.571519298873338812e+03
6.051668937632876805e+03
2.226266661862116507e+03
5.633102141931794904e+03
4.789769193569149138e+03
5.353766979954162707e+03
3.942856042868066879e+01
5.587667924329225571e+03
6.445649300305982251e+03
4.978683098713106119e+03
6.033340706739139932e+03
4.846594123043561012e+03
5.406674853694765261e+03
5.499997816364094433e+03
2.590301297701057592e+03
8.581044195625486282e+01
7.439497454427696539e+03
2.574444103574925066e+03
4.928722766181992483e+03
1.968737819473012678e+03
1.713027727097005936e+03
5.364745059722749829e+03
5.998206659620921528e+03
4.995659754234373395e+03
1.107088138525696422e+03
5.920618031188665555e+03
2.350445709667491428e+03
5.014829020771196156e+03
7.809880039311475230e+03
2.676155850070521410e+03
6.100555844965023425e+03
7.091357581037101227e+03
4.809347049797052023e+03
5.709175443305383624e+01
8.492711680168906696e+02
8.138425925577075759e+01
5.194241720026408075e+03
1.145673516011897618e+03
1.775127443237690841e+03
1.329918777593596815e+03
4.133457775139783735e+03
2.603413712787860277e+03
6.237148741373800476e+03
4.575643695420912991e+03
1.571687775844374983e+03
9.403585433451451081e+02
8.056324299761007524e+02
5.560721917771469634e+03
3.225822098303867733e+02
3.807639922891914466e+03
2.329675332475905634e+03
3.288231540523791409e+03
5.011749234656116414e+01
1.673979692236707479e+03
1.183154421553997281e+03
1.308617663741337537e+03
5.207623832037990724e+03
5.187990199890080476e+03
5.183892486602915596e+03
5.145552536953357048e+03
5.974776095280558366e+03
3.347114572211223276e+03
7.562308200858512919e+01
5.182741328798638278e+03
5.830221720256081426e+02
2.267623402676330898e+03
3.314367544116005774e+03
4.437859626744763773e+03
4.649379204831339848e+03
2.105713628658196512e+01
5.665219877378824094e+03
4.812299576976536628e+03
2.236707341833941882e+03
1.909823199709475375e+03
6.879679128239016791e+03
3.903384825913923123e+03
-2.506849938453510163e+01
2.348549808991670034e+02
5.359929314354193593e+03
6.349749147510722651e+03
5.927811035909218845e+03
4.870250031960646083e+03
6.361544951559050787e+03
4.796291636373347501e+03
4.454575542446076724e+03
4.548421650621312438e+03
1.544415637812736009e+01
5.149904513809378841e+03
5.954521581188658274e+03
5.263755888330877497e+03
5.671035190343625800e+03
1.958149468669082125e+03
2.383144459796845240e+03
1.892220842473236189e+03
3.415089946578402305e+03
7.064954736198227693e+03
1.001933671734667541e+02
2.250011138898962145e+03
6.052309215459733423e+03
9.757122690245080321e+02
6.990812844972942003e+03
5.797593221851042472e+03
1.765059827243802829e+03
6.023727739299035420e+03
1.179301111118792051e+03
4.952911782934191251e+03
6.162541327829845613e+03
7.453693702772612824e+02
6.912056843357640901e+01
6.632576337931007401e+03
-8.498976130604341961e+01
5.061635895040856667e+03
-6.384248865292551045e+01
5.441190862356563230e+03
5.077970034544915507e+03
4.433889530501253830e+03
3.211037653674458397e+03
6.624872607567715022e+03
5.998407912951329308e+03
5.281140669577654990e+03
3.157008458337679713e+03
5.702565003355503904e+03
6.226897969848044340e+03
5.349385654435164724e+03
2.746339812834721670e+03
7.533534994241858840e+03
6.128359928533367565e+03
1.858024995353073336e+02
4.496691044171941940e+03
4.596820230536902272e+03
4.640944937748691700e+03
6.571490107477779929e+03
5.174374432468153827e+03
6.212634510763548860e+03
6.618454614993689574e+03
6.556433030901192069e+03
7.001211499780853046e+03
-1.331077780374035058e+02
-1.675328658617291921e+01
2.017857761068510172e+03
1.334153683209131259e+03
-9.274610733438939292e+01
2.361951025631477933e+03
5.933976806312211920e+03
4.532498168760990666e+03
1.918776534223838098e+03
1.788603880337738019e+02
2.521003035817183445e+03
6.263823678361959537e+03
4.933892754114000127e+03
1.648931006655185456e+02
6.084686482415979299e+03
5.289618476441451094e+03
3.655720516403684087e+03
5.719761395268931665e+03
5.171215642175213361e+03
1.224837230199626219e+03
5.853628066129474973e+03
1.226958023357754655e+03
-8.232065745797400780e+01
2.489702055582855337e+03
2.595998197988857100e+03
2.051637131008447341e+03
3.794147998486265806e+03
5.882631587246993149e+03
6.643154897341843935e+03
1.315532024812812551e+03
7.318258294377269522e+03
3.556929365812219658e+03
6.342141496760596056e+03
1.559828441001292276e+01
6.787745529155300574e+03
5.881734073919467846e+03
3.582360734782835721e+01
2.224623856078384961e+03
5.102984023256682121e+03
5.691119475971688189e+03
2.536856216828946344e+03
3.999464671238447409e+03
4.620937071501803075e+03
5.901293370673183745e+03
7.119381539122395225e+03
5.994974664444889640e+03
7.391614300247457322e+03
6.067402818988292893e+03
1.285130984044862998e+02
3.904684895288953157e+03
2.648752806722399328e+03
2.231480895295926530e+03
6.405026224615291994e+02
3.062769855683175138e+03
5.786678450942205927e+03
3.911809355459809922e+03
5.131873995331431615e+03
6.855078615218734740e+03
3.444049874106475272e+03
6.896177412723779526e+03
2.183980066870029987e+03
4.101195344877948628e+03
-5.035568967604794466e+01
6.503396987955546138e+03
3.690461467113113031e+03
7.318852092986495336e+03
6.081164751029308491e+01
5.772545042428630950e+03
5.786238514887459132e+03
6.411085277248674174e+03
1.421599794544981137e+02
5.271643621902950144e+03
7.798431948619027025e+03
2.318334673996810125e+03
7.130627259912967020e+03
6.652769295532712022e+03
6.773208776851143739e+03
7.629030103181693448e+03
1.216563627611260927e+03
1.549529790321988230e+03
2.817860553832876121e+03
6.271161646506732723e+03
7.727655439101178672e+03
3.898783917524523531e+03
8.181082974542207921e+03
5.840451510058700478e+03
6.373974932516211084e+03
2.951426465779309183e+03
6.330573531397501938e+03
1.226880092956945418e+03
6.755590561526786587e+03
3.798620215916408597e+03
2.723473837443244520e+03
2.508888418597727195e+03
2.780407858884171219e+03
3.245332737906586317e+03
1.169890113913425012e+03
4.595437408500377387e+03
7.270265340476611527e+03
1.099135836589817472e+03
2.769814220803502394e+03
7.915898534761841802e+03
3.404410667046076469e+03
4.954829442303336691e+03
3.011018686693981635e+03
6.889920289843018509e+03
5.616429546711459807e+03
2.943389389253579338e+03
7.905026417111942010e+02
2.465682782052394941e+03
5.670090538966203894e+03
1.606844678198440761e+03
2.964174734367158635e+03
7.853008904589759368e+03
1.855125993059244593e+03
2.764395693968739124e+03
2.480310550735266588e+03
1.346667858416242325e+03
6.763152263348250017e+03
5.332387889323415948e+03
3.233424008783343652e+03
2.332947118501849673e+03
4.130753043936048016e+03
7.266011501854628477e+03
3.999851639080755376e+03
5.224227463672620615e+03
7.022169929392030099e+03
2.355878005597743595e+03
1.976370197472043401e+03
4.986832073846439926e+03
5.252239632291618364e+03
6.264491123529393917e+03
1.261809600107538245e+03
1.574211759119866201e+03
6.136937905446269724e+03
3.166325637117594852e+03
2.782229778314916075e+03
6.103165865810009564e+03
6.146971960413662600e+03
6.171341769634705997e+03
6.418466363030736829e+03
3.001668486441911682e+03
2.836081477070526489e+03
6.886540432833328396e+02
8.089489384253710114e+00
6.308054392388341967e+02
3.372968476144246324e+03
3.273885526612426929e+03
5.971003443337468525e+03
2.974595683665850629e+03
6.197131148323016532e+03
3.440772885949305419e+03
4.287879466934062293e+03
1.898102885829232036e+03
2.893171269285926883e+03
4.563503767969840737e+03
3.101102668001679376e+03
4.380360627933870092e+03
6.967180501588296465e+03
5.242698140806880474e+03
2.481708364154661922e+03
9.508409501665107655e+02
2.578330687199958902e+03
5.444087221768458221e+03
6.176053781672860168e+03
2.579709420424600012e+03
3.555983768529923964e+03
7.083916052988018237e+03
6.583681105162838321e+03
3.380423565492056696e+03
8.184292582666515955e+03
2.715328945203816602e+03
2.392219458743272185e+02
7.158308748756315254e+03
2.579833538567715095e+03
2.783568243417715166e+03
6.664622154091052835e+03
4.652129248408085004e+03
6.902816563016604050e+03
4.831983902459293859e+03
3.572776338034991113e+03
3.063119787391042337e+03
4.120499645854118171e+03
5.585628309683479529e+03
2.689390132438504679e+03
6.854552182499337505e+03
5.877970342672812876e+03
7.174764715572956447e+03
7.275135284827631949e+03
5.697705698323637989e+03
6.304769417187115323e+03
2.673362940905657524e+03
2.368439722492524197e+03
1.676654591801448646e+01
8.906058595107294877e+02
2.726805353477127937e+03
4.774182116489427585e+01
4.261104927509040863e+03
2.025425825435011120e+03
2.772340269452804932e+03
3.323911663281272467e+03
2.962444754361694777e+03
4.576767488930300942e+01
1.635039436093831000e+01
5.695957523163890073e+03
4.593599058932197295e+03
9.657335934038525238e+01
6.743886332170282003e+03
7.043827943825605871e+03
6.935452032970689288e+03
3.777903369381131597e+03
2.735591627180805517e+03
2.773846407759910562e+03
6.005873617579836719e+03
5.943792897572808215e+03
2.610880086110686989e+03
7.201438506022694128e+03
5.585644293567995192e+03
3.534519092273267688e+03
6.380237248598132282e+03
5.804757704260495302e+03
4.663415710912855502e+03
1.724623767334436252e+03
6.005325828143754734e+03
2.407471655580812694e+03
6.619266511002727384e+03
3.386312200650500017e+03
5.525437145884009624e+03
3.320286753345673787e+03
8.084550753720648117e+02
5.976379940472509588e+03
4.476285219462633904e+03
5.421650517517030494e+03
3.008319609784736713e+03
7.710814511306320128e+03
7.034394483588329422e+03
2.972171534259020973e+03
6.473897233421924284e+03
3.761370328895270177e+03
7.975308487463829806e+03
5.353135240835334116e+03
5.351078037750523436e+03
7.268631773825366508e+03
2.632778941515916813e+03
3.703026446912352640e+03
4.469723567062411007e+01
4.829025725432767331e+02
4.651114534033505151e+03
4.065872719823972147e+03
4.542347346176681640e+03
6.587832443689289903e+03
5.614509235113286195e+03
5.070855698796459365e+03
5.286714553915359829e+03
2.882300121375438266e+03
5.057307660145447699e+03
3.553805197466987011e+03
2.828381845931141015e+03
1.116369397448478367e+03
2.776490785401535959e+03
6.301215011392855558e+02
3.270709708911258531e+03
1.741131812280046006e+03
6.537711689179165660e+03
6.355418907953708185e+03
7.638028793327808671e+03
2.610325795425750130e+03
6.593854535743432280e+03
3.162004212585421101e+03
2.770800976101385913e+03
3.363395836732159296e+03
3.003293373559252814e+03
3.050337657854469398e+03
8.327383777868017205e+03
3.298943689489994540e+03
2.288641453250409995e+03
6.145358910737139922e+03
5.565823188121222302e+03
3.619477113291631213e+03
9.755850825229003931e+00
1.139168295068361090e+02
6.706495462553077232e+03
2.718156763846775448e+03
6.028691349290639664e+03
6.210799207889772333e+03
4.190640463915807231e+03
3.140984121331490314e+03
5.258709473407488986e+03
2.240757676600185732e+03
2.720700285682666618e+03
5.367808751291575390e+03
3.116579355568315350e+03
3.873259606833752059e+03
2.610160650214631460e+03
2.400986856598437953e+03
6.389337520012466484e+03
7.496162439573620759e+03
7.639193888680884811e+03
2.787267964647280223e+03
2.586655376175944639e+03
5.530262315862049945e+03
5.173812253568304186e+03
7.442441670055636678e+03
5.944646784522580674e+03
7.781797889581896925e+03
2.458472293440000158e+03
2.784944339394419785e+03
3.394486176044158583e+03
5.992578348032532631e+03
3.868034665297677293e+03
5.370148479446405872e+03
4.228360507400986535e+03
5.623931387056510175e+03
7.086729214176359164e+03
2.503024838868791448e+03
4.320098665100218568e+03
1.841127357074725523e+00
5.992937148564144081e+03
6.509817346976695262e+03
3.375663185354683264e+03
4.917700825611143046e+03
9.477337957211552748e+02
2.206915984525658587e+03
5.558744984426099109e+03
3.353808141809339759e+03
1.661161292230513936e+03
3.490267657484096617e+03
5.198366580191934190e+03
4.167756422744737392e+03
7.219086006770819040e+03
5.637836513822277084e+03
2.879551522904663670e+03
5.650768644194318767e+03
1.994183103791028771e+03
5.497453221122873401e+03
5.148329915320940927e+03
5.666050069862903911e+03
5.826649830112159179e+03
5.580451668723047987e+03
2.739062945694041446e+03
3.053936250972521975e+03
2.689713327667811427e+03
3.389833454935888767e+03
-2.156192190669207775e+01
4.979336604846692353e+03
6.909171001575813534e+03
3.253016921042054037e+03
5.730594460716867616e+03
6.130849317222036007e+03
6.478894277141422208e+03
2.418660885000688268e+03
4.990010739861026195e+03
6.325577809935777623e+03
6.595111355718462619e+03
2.569640598019414483e+03
6.485135383107080997e+03
2.909774021343631375e+03
3.064532524196101349e+03
3.670224452613148060e+03
6.440226582351035177e+03
7.540207546735888172e+03
1.979232469095049055e+03
6.953053496730240113e+03
5.059960002525298478e+03
3.395359337499516641e+03
3.464830305546996897e+03
5.721529988888759362e+03
6.978968652722092884e+03
6.299971218646840498e+03
2.916835880007991364e+03
2.215899409443142304e+03
4.209592231308473856e+03
6.010591885115421974e+03
7.137203761353703158e+03
5.509015799697747752e+03
4.578647824536724329e+03
-5.765308315800075434e+01
2.637250412074888118e+03
2.685851165104134907e+03
5.085521237119405669e+03
2.440549419191532252e+03
6.892241061919577987e+03
3.196014566218305845e+03
6.610624765771563943e+03
-1.444832159583501152e+01
5.909740728704172398e+03
6.473733531842246521e+03
2.664264647974508080e+03
5.703661870685882604e+03
4.570400669035970168e+03
3.990571499202159430e+03
6.167707629483503297e+03
3.275132505200731885e+03
3.163989517232676008e+03
5.389246288317085600e+03
2.697006038180224095e+03
6.295680964590155781e+03
4.087466766312587424e+03
5.935690134240199768e+03
2.392046545507939754e+03
2.597252165907375002e+03
6.228753547258309482e+03
7.193185058542990191e+03
7.247312960249995740e+03
3.555140782250698066e+03
2.987473615692805652e+03
6.935042050684060086e+03
3.849734994327252480e+03
8.154096166764285954e+03
7.706932288698872981e+03
3.566848835673465146e+03
4.765734294266383586e+03
4.042435015811086487e+03
6.891696128343790406e+03
3.452776108106870652e+03
7.410857658857098613e+03
7.278064391639617497e+03
6.334281953512091604e+03
4.597916133848398204e+03
5.451646597761302473e+03
7.249452556523433486e+03
2.757201624104432994e+03
3.417266086991492557e+03
3.179553204523583645e+03
4.205638041474994679e+03
3.615522599112161515e+03
4.947754460211058358e+03
2.131244502029968316e+03
5.499425536952856419e+03
6.062506817230811976e+03
1.720748831074151667e+03
5.922806164495283156e+03
7.448353103272271255e+03
8.077806121459999304e+03
8.538407540172183872e+03
2.322021264158450322e+03
4.225673696308143008e+03
3.585279046795276372e+03
7.035544564633627488e+03
7.963501302031173509e+03
6.567970128574202135e+03
2.725838377685849082e+03
7.709032546695552810e+03
5.594282161876737518e+03
3.160843167279392674e+03
3.004995526359481573e+03
9.264529014365773037e+03
8.442836779016834043e+03
2.667855180173871304e+03
6.300453315846082660e+03
2.705287580611898647e+03
-1.050459330092504473e+02
8.091079683781815220e+03
7.210339950718635009e+03
6.418134607187331312e+03
8.132431138198975532e+03
3.108628482188161342e+03
2.883973054207073346e+03
-9.144796371550924619e+01
8.136568518781415150e+03
4.763585734431537276e+03
7.962561110249956073e+03
2.716540543818398419e+03
5.402343979440638577e+03
1.700252934793541726e+03
7.719793332794508387e+03
8.085114115687206322e+03
6.849639785810145440e+03
5.256563246189758502e+03
9.585627997290379426e+03
5.505494482487714777e+03
7.738893018485385255e+03
3.753097581661796994e+03
4.156111810135862470e+03
7.932014118744985353e+03
6.215418435395551569e+03
9.225175367690267194e+02
3.723035178859807729e+03
6.307871718954321295e+03
-2.817006465533694382e+00
3.527317492459451842e+03
5.726283676213949548e+03
7.688617709411594660e+03
7.839730648920998647e+03
4.349499313460948542e+03
5.163170289699267414e+03
7.195407553237821958e+03
8.332814756899151689e+03
2.565932635557167032e+03
3.658995911721848643e+03
3.611958196332858279e+03
6.571968386119195202e+03
3.174985165105546912e+03
7.848455438933343430e+03
6.690840396713522750e+03
4.893214919725326581e+03
3.428876869652148343e+03
7.590627175554417590e+03
6.338543525163074264e+03
4.134613569172784992e+03
8.074899807490399326e+03
6.963453351740116887e+03
8.545180625379907724e+03
8.681548397011225461e+03
-8.872798809701505718e+01
8.308900613592310037e+03
7.930065388345918109e+03
5.508545252517202243e+03
3.172957879758734180e+03
3.846974610230213784e+03
7.912981701195393725e+03
8.208738650795541616e+03
2.274745763206879474e+03
2.740055031527854680e+03
8.143685181192038726e+03
-3.792504652416960198e+01
3.025293812235243877e+03
4.969395733051216666e+03
3.158789140607548688e+03
1.050109071036296700e+04
4.291271330176754418e+03
8.345499500201149203e+03
6.267659695476478191e+03
6.477340813938983956e+03
4.415260680487915124e+03
6.298765959300146278e+03
3.616443076564994044e+03
5.541492200561833670e+03
7.445577956493297279e+03
9.638747643033846543e+03
4.160608603682888315e+03
3.612482869100172138e+03
2.585022314660946449e+03
8.555456188914780796e+03
5.875599399510413605e+03
6.606709651943082463e+03
4.457861624526145533e+03
8.028735575885981234e+03
6.193304828367773553e+03
6.473078174853629207e+03
2.229500509564733420e+03
2.638338714985019124e+03
1.018017261042032624e+04
3.979791129535120490e+03
9.818709265573510493e+03
3.028094110489284049e+03
9.861550367895091767e+03
1.017654764938936387e+04
-3.080103598132410525e+00
3.050350203614029851e+03
5.915800436690533388e+03
7.624490278383630539e+03
3.252909766716933063e+03
3.033107722766342704e+03
7.170417995975019949e+03
5.595322505779977291e+03
-6.373584978476026208e+01
3.746104647044855483e+03
3.337414244325756499e+03
4.428449207267667589e+03
7.265294907588814567e+03
2.712253859217420995e+03
1.092097918278587349e+04
2.606761018530557976e+03
6.739974859699671470e+03
8.716869663114779542e+03
8.093755974884133138e+03
9.956617536599918822e+03
2.040855153572351810e+03
6.911950635570724444e+03
6.289649581717651017e+03
9.065219246516964631e+03
8.187856692082321388e+03
7.076125277628608274e+03
2.441625951982718107e+03
2.696112841333338110e+03
4.500030503632000546e+03
7.508731875202352057e+03
3.883945905486187257e+03
7.207989121792121296e+03
-3.638201579677655673e+01
7.112260280014399541e+03
6.827303192639728877e+03
9.621404199649241491e+03
4.311819828798476010e+03
7.175402490276705976e+03
2.521391404463887284e+03
6.395725875122094294e+03
2.423600146131287602e+03
9.841063275185199018e+03
2.877163489921891596e+03
6.023623603490754249e+03
7.647726914741217115e+03
9.336126372600527247e+03
4.508457412583994483e+03
7.420618856362912084e+03
8.645241501668719138e+03
3.175688409665788186e+03
4.264819686016738160e+03
1.020847583900065911e+04
6.622549919289004720e+03
2.926449940161210179e+03
6.314895639297576054e+03
4.150589347322784306e+03
7.995145182516219393e+03
1.028393218771244574e+04
-1.617719384907988456e+01
2.993447782063044997e+03
8.113587996097280666e+03
6.588338504451679000e+03
2.667140620152979409e+03
7.224329463359061265e+03
7.361555662618759925e+03
6.734334059693662311e+03
8.328359536928821399e+03
1.131335637521258650e+04
1.002839083073583424e+04
-5.243664125764854589e+01
1.022595163438231975e+04
9.489823805711888781e+03
8.588579675723023684e+03
1.060149471228641050e+04
1.104197186828587473e+04
8.119732569499136844e+03
6.932703437643022880e+03
-7.173700812755447487e+01
8.722063572573595593e+03
8.103448047555060839e+03
7.826053841784234464e+03
9.621424430371016570e+03
9.548474556382063383e+03
7.929843271673914387e+03
2.747253958190128742e+03
8.353278923657412633e+02
2.288688815979081483e+03
1.042846222326686984e+04
7.599348583806036913e+03
8.864253420736467888e+03
3.515221970016780688e+03
2.519941747682213645e+03
9.620135163757502596e+03
7.887349620227560081e+03
5.885555505226375317e+03
8.880200677732565964e+03
7.046516562176075240e+03
6.890550062957730916e+03
7.905984798537505412e+03
9.952717742247345086e+03
8.585954752287771043e+03
9.695293370001056246e+03
7.785750067313901127e+03
3.935310221824614018e+03
5.790264382144934643e+03
7.900494365550687689e+03
5.911357072467490980e+03
5.232641736996072723e+03
2.401602153859773807e+03
9.619508116463788610e+03
8.501630124744107889e+03
8.921590567975974409e+03
1.020874454081475596e+04
6.863688019788766724e+03
7.573290887917692089e+03
5.755153632994899453e+03
9.000292613286868800e+03
7.663787832051438272e+03
5.332155630213180302e+03
7.327315555933215364e+03
1.052440964527730102e+04
8.245112491552712527e+03
6.993821331461580485e+03
7.859386412332595683e+03
6.772321876393981256e+03
7.202934388969182692e+03
8.526505275139696096e+03
6.046325114993292118e+03
5.650339019088130954e+03
7.479734732340228220e+03
7.152241637018675647e+03
4.092384515188684418e+03
7.894420734721895315e+03
2.709003100194387571e+03
5.887099930135928844e+03
7.086218056819009689e+03
4.931622242787001596e+03
7.626329089528915574e+03
6.997022357588468367e+03
1.000490390103011669e+04
6.641751759337962540e+03
1.024953566297719772e+04
1.011235561670073548e+04
8.594582896065439854e+03
3.304627211575508682e+03
3.756025273969556110e+03
1.221635771181506789e+04
7.539302058167498217e+03
3.852352531858353814e+03
7.424229906338531691e+03
7.205730664675111257e+03
6.317668399364620200e+03
3.440314438972787684e+03
3.046728328958914517e+03
8.760127501896355170e+03
7.410155156726037603e+03
9.946872405826259637e+03
6.575119337623251340e+03
9.331114653992875901e+03
6.504030118414682875e+03
7.919021828692510098e+03
7.582444846901375968e+03
4.541387631491651518e+03
3.045070639429330640e+03
2.186214504269800727e+03
1.035235595846782417e+04
7.623171388300700528e+03
7.305829699482914293e+03
2.447176075731303172e+03
1.003323047371714893e+04
1.010919963660301073e+04
7.651449412207439309e+03
3.256594096084224020e+03
1.018498041408335303e+04
6.659163227787139476e+03
2.973253396788967621e+03
7.960240044892865626e+03
7.439495705814432768e+03
6.952888327018637028e+03
9.173151401332444948e+03
1.023878343724765000e+04
1.126961093453550166e+04
7.675174384351484150e+03
8.578620530927986692e+03
1.126704422484747920e+04
1.028574730257705778e+04
7.655171413222155934e+03
8.053271187966959587e+03
8.167713074741011951e+03
7.322940013655481380e+03
1.053745806177849954e+04
7.419578780827412629e+03
8.554775562669867213e+03
1.037797846211191791e+04
1.037009608325578483e+04
8.853717548705542868e+03
8.259475142653618605e+03
1.168617033557522518e+04
8.042186812149080652e+03
8.211764966559099776e+03
3.574598448737015588e+03
6.663821328160343910e+03
6.529681145861380173e+03
2.485112212927545897e+03
6.565421835874292810e+03
7.747285781791096269e+03
3.269469174622841365e+03
3.674857209780859193e+03
2.989087456780484445e+03
8.930112928279466360e+03
7.605378719992238075e+03
9.068248229463626558e+03
3.455663064304205818e+03
8.480897542342891029e+03
9.197733648815848937e+03
1.011302747061318041e+04
3.333764151853428757e+03
9.858181403756099826e+03
8.327264520632390486e+03
8.295621500085610023e+03
1.049944703647602910e+04
7.482861397788873546e+03
1.096757236675901731e+04
9.920372330082444023e+03
4.049929347741371203e+03
6.323943023978185920e+03
1.105825756424045721e+04
1.278522203051080032e+04
6.290359734109261808e+03
8.752763540765427024e+03
3.525311011350411263e+03
3.449608561524193192e+03
6.935889449218947448e+03
8.092723187657453309e+03
9.774059274108580212e+03
2.168867505671068102e+03
7.436384643522319493e+03
7.951128190686643393e+03
1.125313832639487737e+04
1.015137556669504011e+04
9.311312909512431361e+03
1.057804823459299587e+04
9.666077963434136109e+03
1.049273844857867698e+04
7.621239854564939378e+03
7.762536096924915910e+03
6.849310805606442955e+03
2.652046151969234870e+03
8.644066146482480690e+03
7.656542887854941000e+03
1.121982307119086181e+04
3.671203423365229810e+03
8.287160132056071234e+03
1.100536074263227420e+04
9.788322782838351486e+03
1.040364258618709391e+04
1.038758418709948819e+04
1.003513023862969385e+04
6.464985495758244724e+03
1.087563934452775720e+04
1.067424874402883870e+04
6.831047692903009192e+03
6.079892291500354986e+03
8.578107374908686324e+03
1.081467231693735266e+04
9.032362821721808359e+03
9.983947364429679510e+03
9.112379797742256414e+03
9.164338260855025510e+03
1.019508001981298730e+04
2.962009541396418626e+03
1.100660664366047786e+04
9.492021077759167383e+03
8.168665235127878077e+03
1.117941645979034547e+04
7.723235961341387338e+03
7.297496481004952329e+03
9.433187627754376081e+03
2.864390780762568284e+03
1.126919814691589818e+04
2.247280467154512735e+03
1.114897071605750716e+04
1.010816003634697881e+04
1.001986147238619014e+04
4.247122340720403372e+03
6.124100600282034975e+03
1.027411558831955699e+04
8.929100444562503981e+03
7.676933396122245540e+03
1.034785492733578394e+04
1.097722701791582767e+04
7.323094824406213775e+03
7.806405020799773411e+03
1.054757062387318911e+04
7.121484716235465385e+03
1.070071532181764087e+04
1.067677700556293712e+04
8.690971081148105441e+03
7.999016266245977931e+03
1.121256094037763614e+04
9.804287063756974021e+03
1.143741878484366134e+04
1.155997184468823980e+04
7.400062672929692781e+03
3.741883345576515239e+03
1.140903532901074323e+04
6.984558329612802481e+03
1.036221270729564458e+04
1.017726016765769236e+04
2.788143316800058983e+03
7.733089599354150778e+03
1.160239579388114907e+04
8.261689960497125867e+03
8.065920145604098252e+03
1.318509719844274332e+04
1.034419196616471891e+04
1.175084836748303132e+04
7.757386873368120177e+03
1.116677961762412087e+04
8.781996973121995325e+03
1.112042079038294287e+04
1.215031002689466368e+04
6.179142647026796112e+03
7.641466648594438993e+03
1.195654505552130649e+04
1.101311961962421810e+04
1.143750370204888168e+04
7.292016416560418293e+03
1.083391621656660027e+04
7.435736627348780530e+03
9.244842969952598651e+03
7.950675892124433631e+03
7.749886952684601965e+03
1.182054565548651772e+04
1.332243859927246922e+04
1.085521249675601757e+04
1.078523116663281507e+04
1.091036025091508782e+04
3.799104283982598645e+03
8.575642913417079399e+03
1.162334581664052712e+04
1.069513117358407544e+04
6.812757792287069606e+03
1.019894265352619368e+04
1.234890084695061523e+04
1.175430793507139424e+04
8.363383987836472443e+03
1.073642227755368367e+04
8.359164215130173034e+03
7.151121065353107952e+03
7.678473495533630739e+03
8.076349931188103255e+03
3.365009077284968043e+03
2.920043602716772511e+03
1.006004850023895051e+04
1.064396026741930655e+04
1.099907417739973607e+04
7.206078455249999934e+03
1.073155707135380544e+04
7.080055290869116106e+03
8.353154803634492055e+03
1.160930022778652165e+04
8.426548978577860908e+03
8.992300628366559977e+03
1.090921501963078663e+04
6.984427517622920277e+03
1.153622756656325146e+04
5.185908188245227393e+03
6.969254238142838403e+03
1.186570081426129400e+04
1.101964920519394036e+04
1.037757351626528543e+04
1.222605263024498890e+04
1.136881852008650640e+04
2.391242772374720062e+03
4.569000437534387856e+03
1.108370090575385075e+04
1.108161207069462580e+04
8.751378075823371546e+03
1.059038320106668289e+04
1.355254432665745480e+04
4.051884625298154788e+03
7.603203576913912912e+03
1.079323959845318859e+04
8.707792653268927097e+03
1.151633988045756450e+04
1.096272352490072626e+04
7.885185765556101614e+03
9.971291873921676597e+03
1.187206444834428839e+04
1.080197928405402308e+04
3.919096730646627293e+03
1.277066329440056506e+04
8.167542462440615964e+03
8.979353877242027011e+03
6.701276521305405367e+03
8.456059592889303531e+03
9.373483134342228368e+03
1.112242032381051467e+04
1.053687509259773105e+04
8.835104603065898118e+03
8.511935369078308213e+03
1.075005420260275605e+04
1.296453665154633200e+04
1.024693980966547679e+04
1.272413365785203860e+04
7.731400405195399799e+03
1.019949919839754148e+04
1.171568061809764731e+04
8.657274615993172119e+03
9.589120222276167624e+03
1.144527816342407277e+04
7.182156507633093497e+03
1.159466371680239718e+04
1.145132736293555536e+04
1.126047409904238157e+04
7.243691225508928255e+03
1.320679062956583766e+04
4.714534784701139870e+03
1.238815647714383340e+04
7.594073662009224790e+03
7.765540919126640802e+03
1.209374331658792653e+04
1.069135970154486677e+04
8.489084083319401543e+03
1.072619371488970864e+04
1.059313885992015457e+04
1.245381904491258138e+04
6.390309528568876885e+03
1.230924309220848954e+04
1.125706887095912134e+04
1.237211377933337280e+04
1.204133217636949666e+04
8.494997291156068968e+03
1.245567554039987772e+04
1.158245435574116709e+04
8.121316332336095911e+03
7.856747652633707730e+03
1.104776747573919420e+04
1.071667009840842366e+04
1.359610270825589942e+04
1.072783594504644680e+04
7.566955205864504933e+03
8.053580060957699970e+03
7.401186114547358557e+03
6.561032157473337065e+03
1.147319739650912561e+04
4.356428692832752859e+03
8.279063513862520267e+03
2.531986395547827215e+03
1.158510522511175805e+04
1.190454484635365588e+04
6.868574432152848203e+03
3.744193678016874856e+03
8.229169652713164396e+03
1.158711342933903506e+04
1.207560958302633480e+04
1.178529012549128674e+04
1.064830916050375163e+04
1.206460616629912874e+04
1.164515596073916095e+04
8.280692364991040449e+03
1.254377054678188506e+04
7.166951463790340313e+03
1.135074943706765589e+04
1.043114883286121767e+04
1.114399202952644009e+04
7.872846447393037124e+03
1.277598445878148414e+04
1.180968053497449728e+04
6.039738469690123566e+03
1.253796379671985596e+04
8.087091660939916437e+03
7.541280672104422592e+03
1.119772358470295876e+04
7.944130487025429829e+03
7.752074041759282409e+03
7.499756469844254752e+03
1.123920727335542506e+04
9.196696770347432903e+03
1.121957989444497798e+04
1.135345665251121318e+04
8.589900252057950638e+03
1.046645183173363148e+04
1.149052755853127564e+04
1.293414004634213416e+04
1.131300176685178121e+04
3.984587639282731743e+03
3.865403682457999366e+03
7.993527233173429522e+03
8.173182574146084335e+03
7.420631523930709591e+03
1.196438505112551684e+04
1.239106193096875541e+04
8.365451230447575654e+03
1.071185521048141163e+04
6.960521158123412533e+03
1.162015737900920249e+04
1.101386118313962652e+04
1.081968310628861400e+04
1.128986406129339775e+04
1.379168615811520431e+04
1.174685518054930071e+04
1.236664031138350947e+04
1.019319929764240260e+04
7.380729754477616552e+03
9.075395069249054359e+03
1.466300620359108507e+04
1.085580703333607926e+04
8.950961186291149716e+03
1.377054641721921871e+04
6.799458701141954407e+03
1.269544556274607567e+04
7.702401214740008982e+03
1.243601560967825208e+04
1.081831482875797155e+04
1.136223472531085099e+04
8.123241586063381874e+03
1.162783495797208161e+04
1.108972419473893387e+04
1.315846341697445314e+04
9.338110130327591833e+03
1.080621441129964114e+04
1.231699924985800317e+04
8.883019263858563136e+03
7.764352731141381810e+03
1.215445242419368333e+04
1.101155877235961452e+04
8.257324060165183255e+03
1.249898981993000052e+04
1.068407926216097439e+04
1.425794307402107734e+04
1.079520572520861606e+04
1.254137264844881065e+04
1.364093037016019662e+04
1.064234396204552468e+04
1.145529697805637443e+04
7.603388536067785935e+03
7.918104120963140304e+03
7.679123120513467256e+03
1.320462991817504917e+04
8.173451141334609019e+03
1.084481068865486304e+04
1.118775886655603608e+04
7.789993901199061838e+03
7.876680182541745125e+03
1.082873925253797825e+04
1.166684642547250405e+04
8.873952374499585858e+03
8.810004386116157548e+03
1.092490008673172088e+04
1.279150675877053254e+04
1.165884819058264839e+04
8.911655572948722693e+03
9.422780925343366107e+03
7.965554734890646614e+03
1.172225212517095861e+04
8.236084938265246819e+03
1.154730710915415148e+04
8.416362180574502418e+03
1.399034210918873214e+04
1.128694613352252418e+04
1.435445478749018184e+04
1.201951892688147200e+04
7.622963147549455243e+03
1.085685678556288076e+04
1.321798065101813881e+04
7.456448156355490937e+03
1.370182694409034775e+04
8.427759524505592708e+03
1.174049827075125904e+04
1.039771290814259555e+04
1.193725786052809417e+04
1.039180078637259794e+04
1.050686980167130787e+04
1.250151788252733786e+04
1.242527695054551077e+04
1.167555473074434303e+04
1.176871240673885586e+04
9.231391030942306315e+03
6.317340416119844122e+03
1.120353169992768562e+04
1.086261156389221469e+04
1.186333378224901026e+04
1.030547484063163938e+04
9.365175526788689240e+03
1.129962932831029320e+04
9.602117254759179559e+03
1.132039050988902090e+04
1.107425497826084029e+04
8.523731784584466368e+03
1.060735802364061055e+04
1.256044657832732628e+04
1.368877345758535193e+04
8.017216762516232848e+03
1.338649412677708278e+04
1.305894752004542352e+04
8.891550861422634625e+03
1.063635275892537356e+04
1.409924079117055226e+04
1.106355824969952482e+04
1.097700123461976909e+04
1.144154653852281444e+04
6.757502458878328071e+03
1.219556092438742962e+04
2.531083052454154767e+03
1.376423448536929754e+04
1.224890732414517879e+04
1.141561241832481574e+04
1.199436286495441891e+04
8.590546735653175347e+03
7.684031978047264602e+03
1.446085296709120666e+04
1.181554484341431271e+04
1.353184289937150788e+04
8.591208773104977809e+03
1.153372060425840209e+04
1.132794937140151524e+04
7.213111365439700421e+03
1.446998449216235531e+04
7.239952687133938525e+03
1.221538537067589095e+04
1.343463135663146204e+04
9.626988097423254658e+03
1.319181347330581957e+04
8.873019864494630383e+03
8.428376461514279072e+03
8.126644328143890561e+03
1.208299937367774146e+04
1.093510351486363470e+04
7.836271403196755273e+03
9.622977478711964068e+03
6.692028804171950469e+03
1.394090264385266164e+04
8.117231786337309131e+03
1.019777441183509291e+04
7.479554371258263927e+03
1.095343207108819843e+04
1.294210243289399841e+04
1.158921989306282921e+04
7.444142489115817625e+03
1.199443904823847333e+04
1.185465618885508229e+04
7.755810214554311642e+03
1.437542237559168461e+04
1.238766222082667446e+04
9.016909268078825335e+03
1.153367772989256264e+04
1.350060456321660058e+04
7.776378673976058053e+03
1.371356931691044520e+04
1.215693026927873689e+04
1.138231143728330062e+04
8.141119994344913721e+03
7.800821919786211765e+03
1.358156788157495430e+04
1.305483279984125329e+04
9.433368217900746458e+03
1.196680319697902269e+04
1.020461093412606169e+04
1.286006296721211038e+04
9.327484763777258195e+03
1.254104043920550430e+04
8.741293533122572626e+03
1.334227882823214895e+04
1.149355046715872231e+04
7.827073363553716263e+03
6.828311465228903216e+03
7.916599380359926727e+03
1.165811774387019250e+04
8.310083708941956502e+03
6.976387247578075403e+03
8.968710660048516729e+03
1.023932920423748328e+04
7.968874684178392272e+03
1.191082454697640969e+04
1.159294530650945671e+04
1.380569410276574490e+04
1.236015400061214132e+04
9.143239289038505376e+03
8.074309535103596318e+03
1.231344056304264996e+04
9.898307005386870514e+03
8.466517449212144129e+03
1.189096655161602393e+04
8.136522211122335648e+03
1.491056415811329680e+04
1.226638019763502416e+04
1.207357754568589007e+04
1.078255548537251707e+04
1.258170101414287092e+04
1.260525437929626241e+04
1.338486541979167123e+04
1.237077940022952316e+04
1.240314887613051724e+04
7.708430498669456028e+03
1.199907323877496492e+04
1.287398193048906614e+04
8.222804963869168205e+03
8.159689940559100251e+03
7.663650968519101298e+03
1.220534159692599860e+04
1.274719097705178137e+04
1.147377218050408555e+04
1.133162166460207663e+04
9.276483705691834984e+03
1.256047800257709969e+04
1.118095735081834937e+04
7.110053586047538374e+03
8.179919941126165213e+03
1.146124420955381538e+04
1.101418697509985395e+04
1.419710682275036015e+04
1.246593879806819496e+04
1.160835988343627469e+04
1.077451822272431127e+04
1.229803682617235791e+04
1.190230205606082018e+04
8.870321884584693180e+03
1.309651399589795074e+04
1.194040805711308531e+04
8.778699605844658436e+03
4.218795722854722044e+03
1.295328940484135637e+04
7.166331155000282706e+03
3.584363662735779144e+03
8.217238450166996699e+03
1.135495356393328802e+04
1.304238537624376295e+04
1.173245407937605705e+04
7.018443906702796085e+03
8.280976296455235570e+03
1.408223429736151775e+04
1.260529145851867543e+04
1.296953267022502041e+04
1.255197452512702694e+04
1.305030978266024977e+04
1.192502131052814912e+04
1.065142136377919087e+04
1.179475737809949715e+04
1.181137244343218481e+04
1.068711979889984286e+04
8.696525582117468730e+03
9.033024087058767691e+03
1.142379833111793050e+04
8.479777066988906881e+03
1.400218641973916419e+04
1.063760367334801958e+04
1.444850177002947567e+04
1.200289803481517083e+04
1.171286291920238182e+04
8.405197393902388285e+03
1.215100503867581574e+04
1.402771470365787172e+04
3.492444029328206852e+03
6.678669829247013695e+03
7.891386482474094009e+03
1.116939523253791413e+04
6.980735996705470825e+03
7.988564636747872100e+03
1.274356404806516184e+04
1.082086917873126731e+04
8.147574430273924008e+03
1.152822556233810428e+04
1.384995303705447623e+04
8.270631906980077474e+03
1.120069250740234202e+04
1.246377234582568053e+04
7.310451842585042868e+03
8.713641060631074652e+03
1.204071373504604344e+04
1.191736540664884706e+04
1.249991093805007768e+04
1.733015626571478424e+04
1.165083082343376191e+04
1.222311888688735780e+04
1.066962392902583088e+04
1.143545856849929987e+04
7.952040109379678142e+03
1.173917523720212921e+04
9.225313967844731451e+03
7.894719627876322193e+03
7.427573211275906033e+03
1.090591366605127223e+04
7.643610810609708096e+03
8.476768331118431888e+03
8.025553160836615461e+03
8.244818683474180943e+03
1.158610758781047662e+04
1.197366038354787634e+04
1.261373398239171001e+04
1.479518130402329916e+04
1.254416507271218325e+04
1.216415917092536802e+04
8.490387649749543925e+03
1.216018957110393603e+04
1.142425447619352053e+04
1.260800513314750424e+04
1.066236654636383537e+04
1.153505457888108867e+04
1.192295332158504425e+04
1.401288599309615711e+04
1.178708006026544899e+04
8.102921394091820730e+03
1.222873501978089189e+04
8.123700751805220534e+03
1.366906159736741938e+04
7.741739632880986392e+03
1.083729876507133122e+04
1.214220771584243084e+04
1.230813996672900248e+04
7.498363729624415100e+03
8.991370446779899794e+03
7.443479981175265493e+03
1.135942157204197974e+04
1.372280799978267532e+04
8.195412976449417329e+03
8.152725633576499604e+03
8.313211398371784526e+03
1.239892229123493962e+04
7.588945560329693762e+03
1.142216012940742257e+04
1.168294300097953783e+04
7.999720627472041997e+03
1.431152321543284233e+04
1.161698112463485450e+04
4.199057579149540288e+03
6.890371086803009348e+03
1.268838849649202712e+04
1.091062977209095516e+04
1.111554096907710664e+04
1.143456313417819547e+04
2.578608034227116150e+03
1.108291888856961486e+04
1.202506966945502063e+04
1.175748411629881775e+04
1.470294254029695185e+04
1.333894559116039636e+04
1.287174598247769609e+04
9.493677911683536877e+03
1.123437319992118864e+04
1.433956571947785233e+04
1.146948799594880074e+04
1.236314713236316675e+04
1.096808360461803022e+04
1.095301294555355344e+04
1.001653947352850264e+04
1.146267956957763272e+04
1.089613932578288768e+04
1.328561278783121270e+04
1.158616716756263304e+04
1.171776827028605476e+04
1.224380466204021650e+04
7.940182756057705774e+03
1.149668527806689053e+04
1.263280516782552695e+04
8.220102950608481478e+03
1.239504805122723337e+04
1.178322844264639753e+04
1.165428398312074205e+04
7.653345006039637155e+03
1.427751018434111211e+04
8.623024187978127884e+03
1.471206043909027721e+04
1.254746851532828077e+04
1.249266795841302519e+04
1.243095281147171409e+04
7.993755167170287677e+03
1.179927614423606792e+04
1.130928641048519967e+04
1.246429438331355777e+04
1.174664614518054259e+04
1.143897162154084253e+04
1.567393671853894193e+04
1.452071502636077821e+04
1.145800171449033587e+04
1.194782428418607378e+04
8.028930532105297971e+03
8.417435699719186232e+03
1.179125537113758037e+04
1.212045717073021842e+04
1.049402595457168354e+04
8.286909350723009993e+03
1.098773038266683034e+04
8.944630055403813458e+03
1.328665015917747587e+04
1.214293408347560580e+04
8.229822803844910595e+03
8.931937031336921791e+03
8.694423995728815498e+03
1.109136121021672261e+04
9.466271954307389933e+02
7.228615348046122563e+03
7.974813564438526555e+03
1.194925720730131616e+04
1.419718527116618134e+04
8.206433392727853061e+03
6.750143312405945835e+03
7.984485677758143538e+03
1.134934855022263946e+04
1.249625705904377537e+04
8.306873164433973216e+03
8.049447315370915021e+03
8.452998016890016515e+03
1.030648180169593434e+04
1.179830848155051899e+04
7.277906657120557611e+03
8.785271684105840905e+03
8.816664084142345018e+03
1.166556422940995799e+04
8.227344075380327922e+03
1.229399600157443274e+04
7.608913641871085019e+03
1.100375650436368778e+04
1.152008041875373601e+04
1.186185115921436955e+04
1.142815736097478839e+04
1.196686691533807607e+04
1.229064630807220237e+04
8.386544881311112476e+03
1.231888504251030827e+04
7.550608420156309876e+03
1.167904044551076549e+04
1.416391905860566294e+04
9.357653868502182377e+03
1.117849208735408320e+04
1.200720388580013605e+04
1.056389682435939358e+04
1.194434259422849027e+04
1.212232779842621312e+04
7.775985080963752807e+03
7.908441432178069590e+03
1.281420719651125000e+04
1.076009579327183383e+04
1.115004894998749842e+04
1.217456492622302540e+04
1.247011899884242121e+04
1.402259926384358369e+04
1.227505047432681749e+04
1.094447093554371168e+04
1.351612510841327639e+04
1.291574737758361698e+04
1.376256629443636302e+04
1.358949490407514895e+04
1.332582456126681609e+04
1.153491058733437785e+04
1.286094683186548900e+04
7.123764260226669649e+03
1.177303352095545051e+04
1.148509764792484202e+04
7.549923990694844179e+03
1.108678208794030979e+04
7.865742813213741101e+03
1.169757886815904567e+04
7.918053558312796667e+03
1.213787553051036411e+04
1.354981955626711715e+04
1.315135485751579108e+04
1.137347680327263151e+04
1.290926866890108977e+04
1.167274968098287172e+04
1.037591279505346938e+04
1.182535423965622249e+04
1.098663500047428533e+04
1.192222873395078750e+04
1.118764272784514469e+04
1.348843869332774557e+04
1.129040609745501752e+04
1.227036375515259897e+04
1.144373320068386784e+04
8.657842393882810939e+03
8.049221593749931344e+03
7.176803462623287487e+03
1.316999521506273049e+04
8.831594306026025151e+03
1.381531169326104828e+04
1.482801616716462740e+04
1.181295241087138675e+04
1.346090582621316571e+04
7.791289709582495561e+03
1.245951467577083349e+04
1.136011831388059545e+04
1.160401462364071813e+04
5.137868929629030390e+03
7.621675053040138664e+03
1.176346092450576725e+04
1.333170849264360368e+04
1.133468318790963349e+04
7.619752910738942774e+03
7.693242486485456539e+03
1.434177462286641639e+04
1.096348647024487582e+04
1.184571465241632905e+04
1.199361539541276579e+04
1.125445273705737236e+04
7.478335759981119736e+03
1.152190418141977170e+04
1.110069486081222385e+04
1.088047767362876402e+04
1.190839804935438588e+04
7.686872394949530644e+03
7.594487717672188410e+03
1.182839371405258680e+04
1.102208941968835279e+04
1.121705850781207482e+04
1.162269962381104051e+04
1.066139656837981238e+04
7.266644647430225632e+03
7.515717631768822002e+02
1.789307313541042822e+04
1.250117811112257914e+04
1.452324665028535856e+04
1.116440605176995450e+04
8.881005441472087114e+03
1.178808680027592345e+04
8.121234337159586175e+03
1.095439124711586919e+04
3.666846660976623753e+03
1.233412294947958071e+04
1.531200032581362575e+04
7.969149795602809718e+03
1.225717615395971370e+04
1.243909267404696766e+04
7.548459387025413889e+03
1.497930702574087809e+04
9.313233142996934475e+03
1.349175568706088052e+04
1.098120807768440682e+04
1.390279255785581881e+04
5.991737344751002183e+02
1.172556480380622816e+04
1.308494842923673605e+04
8.252472489210455024e+03
7.796721134090958003e+03
9.293750745870172977e+03
1.104802028646450344e+04
1.157346222410119117e+04
1.186123597644770234e+04
1.246414903469033561e+04
1.160773261341189573e+04
1.214357228318017042e+04
1.135576033622018986e+04
7.518838861533071395e+03
1.146643949444057580e+04
1.349258536131243090e+04
1.344823802071984392e+04
1.505404809105893037e+04
1.436286846902583602e+04
1.189279044335515391e+04
8.050310029780196601e+03
6.499754625681662219e+03
1.087572976851923340e+04
1.516170456822986853e+04
1.209821544385226662e+04
5.461399534785051401e+03
1.220621754865858202e+04
1.191789828204632977e+04
1.251825877631919866e+04
1.440047224759932578e+04
7.450635089354391312e+03
9.320409342793120231e+03
1.025224793141498594e+04
6.919187998932293340e+03
7.661056844683069357e+03
8.049315028605035877e+03
1.108012098069089734e+04
1.472935137224957907e+04
1.414293651746138676e+04
2.571157322272875945e+02
3.593724560886975610e+02
1.169005123134091036e+03
8.745656574794486460e+02
1.219559278630630433e+04
1.266376362766803686e+04
7.158600408314381639e+03
7.521093591420163648e+03
1.258513513321052960e+04
1.401803230412775702e+04
7.305717512544525562e+03
5.321398698740509644e+03
1.170937927191414929e+04
1.407705658919405141e+04
1.259968193703632096e+04
1.273181410902919924e+04
1.195188070865560985e+04
1.088332382141472590e+04
1.447391109255933770e+04
8.146597367781192588e+03
1.123044857155021418e+04
9.720612054242077647e+03
1.453711009595909127e+04
1.084981854755662789e+04
8.941212858388342283e+03
1.305584363632557324e+04
1.406666975873418596e+04
1.143281032188825338e+04
5.976282189862004088e+03
1.103125070169776518e+04
1.106182861200225489e+04
1.318886085336724136e+04
1.201003465071900246e+04
1.150876523409653419e+04
8.548272958168734476e+03
1.189077146447733685e+04
1.446272135330367746e+04
1.103342807323935085e+04
1.803814237168955515e+04
1.798181619253032841e+04
1.095495697857882624e+04
7.896920751810964248e+03
1.149922728877534610e+04
8.716922198328418744e+03
4.055600165627592105e+03
9.287981215817177144e+03
1.165930675672657162e+04
1.123725606473534754e+04
8.320658646829266218e+03
7.301088742930859553e+03
1.068445919188881817e+04
1.195730794521907410e+04
1.117526213650805403e+04
1.252899898495926755e+04
1.083124571167398790e+04
1.140954223731375350e+04
1.156430210803110458e+04
7.906914948204583197e+03
1.082761108701452758e+04
7.505329652525263555e+03
1.273089867322317696e+04
1.052274819268385909e+04
1.040629003670892598e+04
7.982141738940758842e+03
1.172403030119557661e+04
7.758379215517907141e+03
8.222907495817420568e+03
7.377245799913435803e+03
1.220823647771697688e+04
1.059767006750055407e+04
1.164641554549607099e+04
7.520585071016583242e+03
1.101815800187861714e+04
1.203737121011688942e+04
7.063493942232162226e+02
3.476636332970404965e+03
1.017182496381295459e+04
7.719930632464703194e+03
1.094763453894687882e+04
1.114553122559270560e+04
8.100959498459571478e+03
1.122560284792861421e+04
1.110405459828401399e+04
1.179105408111229008e+04
1.301069345868762866e+04
1.171038464174635374e+04
1.044528626460832857e+04
1.143610449057719416e+04
1.158122222083831366e+04
1.078558982699622538e+04
8.016383720989393623e+03
1.184866080294496351e+04
1.144842609353090302e+04
-5.473910855736443182e+01
1.071031325893339272e+04
8.401545713779210928e+03
1.112545262307967096e+04
1.146485383699014710e+04
4.548594074492889376e+03
8.039928536494115178e+03
1.200332557621299929e+04
8.353047536445166770e+03
1.037025971582358397e+04
7.665370437282515013e+03
1.097261249307203252e+04
1.342385839321214007e+04
1.161482923641865091e+04
1.200129024766256589e+04
6.851280277088681032e+03
1.082260138902123254e+04
1.374211488117622866e+04
1.230789426115167953e+04
1.190797422682451543e+04
6.632833762845339152e+03
1.253260228975176506e+04
1.216956731706915525e+04
1.265927126201682586e+04
8.176515275643702807e+03
1.198473356661834441e+04
1.111011503104497206e+04
1.133079569422924214e+04
-1.369584859337467719e+01
6.584100113751221215e+03
1.075069147285551844e+04
1.394419121669442211e+04
1.536530940419424724e+03
-4.147374110739104935e+01
1.091764268586058279e+04
3.450717446914932680e+03
4.376291541827783476e+03
1.186914473330220608e+04
1.005219325886869228e+03
4.812617981962089289e+03
1.484958201475222950e+02
2.329497915319905587e+03
-8.455868699065787553e+01
1.260252291366603572e+01
-8.636144517230508200e+01
2.473585963545657251e+03
6.883439190787969892e+03
-1.815600975452341572e+02
-1.769000221682932761e+02
6.582987514250497725e+02
9.079987595095560664e+02
2.522597649329009982e+03
-1.194841189856072106e+02
-5.453474593707898066e+01
-6.978655667865075429e+01
1.142217333263937689e+03
5.503581705764150911e+02
-1.450927685407764045e+02
3.578287092250917567e+02
-7.840845262485612466e+01
1.861205866242406501e+03
4.928334015480809285e+02
5.252444385292816378e+02
3.072988978106830018e+02
-1.695880068047366649e+02
2.394635043075243175e+03
-4.215597961058085730e+01
-1.042330167320409942e+02
-1.804568262469958313e+02
3.225571162918225582e+03
-1.419902395035844620e+02
2.711620383753381702e+01
-1.118108870406379367e+02
-1.230630397854138351e+02
-1.025961080887550168e+02
-1.558008825942829390e+02
1.762852426102785103e+03
-8.767652994153962709e+01
1.175135668339136373e+03
8.740511770269534964e+01
-5.240842363441578300e+01
-1.441354416804607013e+02
8.053494575513379914e+02
-1.742741959515050496e+02
4.507239457143959953e+02
6.288057083216840510e+02
-4.573386687024961361e+01
1.529539086629911026e+03
-1.839439862795633189e+02
-1.984730290579654479e+02
-1.358185523450768528e+02
-1.992932005033135852e+02
-8.971071186256074270e+01
-8.025387194158642501e+01
5.211837106114331846e+02
2.543363303260476869e+02
6.287420694539550823e+02
-5.679424421998649564e+01
2.146338237366703197e+03
2.950531092901802026e+02
-9.838132746094316872e+00
5.175118001895023099e+02
1.132531080864559385e+02
-1.771476867876065455e+02
-1.497653004322075674e+02
2.121420793785200090e+02
-1.681398382684052990e+02
2.200721395383615686e+01
9.287205613758447953e+01
-1.912570531079578018e+01
-1.227844766084864290e+02
3.045539777391350071e+03
1.201298080874602192e+03
6.680604952373498691e+02
-8.365400228388185155e+01
1.253973019800340012e+02
5.827206742009659592e+02
-1.149569547771777707e+02
-1.166157791055279063e+02
4.259057063526470301e+02
1.110551211828549754e+02
-2.365850239061995808e+01
-7.789386999727787497e+01
-4.592782324271060190e+01
-5.988819220796051468e+01
-4.355620956878595962e+01
-4.364885276161083993e+01
3.315880869769962374e+02
4.814189046343020891e+03
-7.696584216107362408e+01
-3.835166792496397647e+02
3.885476623356798882e+02
1.100957673898854182e+03
-5.789769641177929316e+01
4.466976008407895620e+02
-1.616479224839526694e+02
-1.104425645493834622e+02
2.047456001154355079e+02
3.306925322635566999e+01
7.734166035042303520e+02
1.877333219958589439e+01
-1.583044155250088920e+02
3.981122547917800603e+01
9.065508588357015469e+02
9.831879429680600424e+02
3.123663202489345622e+03
1.602254869231213206e+03
-1.259885611498274898e+02
8.101809767854249912e+03
1.652094202379756780e+02
1.772321122209846862e+03
2.326722422627349715e+03
1.630366486222417961e+03
-6.182306607741290350e+01
2.914314716247855358e+03
2.199976773424614748e+03
-1.173026590356263341e+02
3.180802198860946191e+03
1.264460281343278439e+04
2.960711262545054296e+02
8.101964448559932862e+03
6.554375239705463173e+03
1.424203118474109579e+04
7.911170569569764666e+03
1.141487867489341807e+04
-1.401222351890890820e+02
7.330927909669072505e+03
5.805364943815647166e+03
-2.107555783820482702e+02
2.992694995078483316e+03
9.910948165499679817e+03
-9.220239057218445566e+01
1.790807636277580059e+03
9.907713075260708138e+03
-6.472993633168192673e+01
6.042527442833206806e+03
3.625073415608312075e+02
1.660163791345600544e+02
4.197000020344999029e+02
7.071941350161270066e+02
1.722796778136366129e+03
4.377387838338142956e+02
6.772034683651237401e+02
2.725795934235689856e+03
2.015947728459739665e+03
2.667917860930769166e+03
2.493023236921386797e+03
5.384387443643087181e+02
9.709612314438006706e+02
1.914113068200377711e+03
2.094565670295660766e+03
-1.651329837146954560e+02
3.149971577518298091e+03
1.756424888092828951e+01
1.756403026556066834e+03
5.163012794759983080e+03
3.572546945836106261e+03
1.233184776922242236e+04
4.127236254513884887e+03
4.448598942564439312e+03
1.534796354298614460e+03
3.033748881094335047e+03
1.120700164187451446e+04
9.800080554008303807e+03
2.200307523447810581e+03
1.913329297267684069e+03
1.139090485555628584e+04
1.438101945137382427e+04
6.836694918060916280e+03
8.135467194319751798e+03
7.297582777191298192e+03
3.722473458129486971e+03
1.159683701415194446e+04
1.164506562717431552e+04
1.057037523336677805e+04
4.239655650263710413e+03
1.251860155652133108e+04
1.142750088807860448e+04
7.810054201504392950e+03
1.035109463610537750e+04
1.344046370709097937e+04
1.108519641247702384e+04
1.172160706840997409e+04
1.116859324250478130e+04
1.173717062502668159e+04
1.067888953894527185e+04
1.368283647859332450e+04
1.260107500410898865e+04
1.165103403614533090e+04
1.098444883609760473e+04
1.034059930706781415e+04
7.288134727210965139e+03
2.671300780446917088e+03
1.195274823179205850e+04
1.089235179078577858e+04
1.127806934538605310e+04
1.127286058991595382e+04
1.078730358513935971e+04
1.136508587355939017e+04
1.073839638716873378e+04
1.081663543694046894e+04
1.049976591954280957e+04
1.178199862322557783e+04
7.422638014175495300e+03
8.466308284564773203e+03
7.419419289143713286e+03
7.800972365944474404e+03
1.120564973158636167e+04
1.147947040358216691e+04
1.110151887104531124e+04
1.055635240827261805e+04
1.172471511385399390e+04
1.117365513937123251e+04
1.293797825297139389e+04
1.079421693782345756e+04
9.896709862329749740e+03
1.117928917011908197e+04
1.116972582821658580e+04
9.474467956584960120e+03
1.123275264611249440e+04
1.098890463260900833e+04
1.035456394496034591e+04
1.115300613538922516e+04
8.131299267689661974e+03
7.357126419342528607e+03
8.653465430669755733e+03
1.065453877850437493e+04
7.676794070019981518e+03
1.165288907102428857e+04
7.024272969873750299e+03
1.111503640779541456e+04
1.013948744608993002e+04
9.535196339290350807e+03
1.158621533562834156e+04
1.211176697118553784e+04
1.135821998316078316e+04
1.127787925989714677e+04
1.166470623360867467e+04
1.161222939890305497e+04
1.127536233791892846e+04
1.150181490864709849e+04
7.555504598810722200e+03
7.085214227736314569e+03
1.374507696342257987e+04
1.081151151928839863e+04
1.108489712424802019e+04
7.955992043608290260e+03
1.023854877606968330e+04
1.197656744407325641e+04
1.082251304811927912e+04
7.723702360961025079e+03
1.137799742499126296e+04
1.116699772938289971e+04
1.097865946981286652e+04
1.344584853945317991e+04
1.218804526951899425e+04
1.389763222947526992e+04
1.079082396215605331e+04
1.142632594795577461e+04
6.593727564399834591e+03
1.123865234995525680e+04
6.826690842038367009e+03
1.293767671039753623e+04
1.270891317279794566e+04
7.298705367009487418e+03
8.071663550530215616e+03
1.211407279790656321e+04
1.200149334153369819e+04
1.444440864131373019e+04
1.072019238810578645e+04
1.376703870916656888e+04
1.158524499603252116e+04
1.284754117906740430e+04
1.332566388780441957e+04
1.297571978835745540e+04
1.197453629532900777e+04
1.417173085977363007e+04
6.511299654425523840e+03
1.171928084005103847e+04
1.146413242193306905e+04
1.362627488990438724e+04
1.131684136736791515e+04
1.169171478138650673e+04
1.127985308466771130e+04
1.064522149566150620e+04
1.236326775396590347e+04
1.206906904743950872e+04
1.085658533483554857e+04
1.814115051088031760e+04
1.324583731719804928e+04
1.070334348603406397e+04
2.718618602826647020e+03
1.427955567800598692e+04
1.077341180042800079e+04
1.069145287343410928e+04
1.176935552246387306e+04
1.280123537206952642e+04
1.378834509060233177e+04
1.211187757470729048e+04
1.006191469976478584e+04
1.282924856033878859e+04
1.011082127613627927e+04
8.734027821152949400e+03
1.238697680379994927e+04
5.253646836684117261e+03
-1.547199920745850079e+02
2.581778837394452239e+03
1.188917237139183453e+04
7.305022055530501348e+03
6.725351209951565579e+03
1.103781889602045885e+04
-1.445753852460637177e+02
2.889082321255224542e+03
-1.916067221924907926e+01
-1.034159138409832792e+02
8.185127151989870526e+02
-8.647396755972752658e+01
3.618882727789366527e+03
-2.035976665548698179e+02
-6.765031809068258895e+01
1.098668238064790057e+04
1.664435017033355507e+03
-1.328992478610099965e+02
6.211308646546769523e+03
-1.568192513724299602e+02
2.377854284982869558e+03
2.111208239228826642e+03
8.265082427082822960e+02
-7.181064468120027300e+01
3.447812733602521007e+01
-7.276874064473147996e+01
1.052628789835346879e+03
2.670047448857656946e+03
8.055071978438179485e+02
2.812398877773130152e+02
9.835519072910456089e+02
-1.892512748020492381e+02
6.891567799585186549e+01
5.949353142292900429e+02
1.487460229983119461e+03
-1.325872547448900605e+02
7.085694611758073052e+02
7.250782519778664437e+02
9.074574781069977689e+02
-1.629775179488345316e+01
4.865915752791389650e+02
9.890807959612536706e+02
1.562253077247654574e+03
-1.061762233634640040e+02
-1.511163173555941626e+02
2.808810043738192689e+03
-1.111492166335022915e+02
1.461255523221993826e+03
2.662426451358407462e+02
6.037839228254297268e+02
-3.198335011858875987e+01
3.602261285759316252e+03
2.164515051168177706e+03
2.546703011099688865e+03
3.135166636238136562e+03
-1.026234412011772861e+02
5.381258994577167414e+02
-7.159438638806511790e+01
-8.638237554374137517e+01
-2.765755902572391278e+01
-7.032654568032987186e+01
-1.133280610430244337e+02
-1.156045149287670739e+02
-1.259906082149012434e+02
2.110923820992019273e+02
-8.000039976921752327e+01
-2.049203719214804380e+02
-6.953882446952746932e+01
-1.908212370344726310e+02
-1.457639059582805885e+02
-5.940402624970873546e+01
-1.661411064154856376e+02
-1.657220117366250065e+02
-8.451307863494858452e+01
-1.239694823887422501e+02
-1.326355100215398579e+02
-1.166374181097925629e+02
9.418412975379576437e+02
9.350231947824674990e+02
-6.045374127159675481e+01
-8.465394595179479609e+01
7.165468130370181825e+02
-1.362729358357103138e+01
-1.958397269268749312e+02
5.656152632972797392e+02
2.950484118966035680e+02
-1.983520317665088726e+02
-1.199590254340075290e+02
-1.711747419648712309e+02
2.832000772984250148e+02
-2.730192726496284195e+01
-1.194737517776705715e+02
-1.186740375914520484e+02
-1.024699164322359479e+02
-1.553051560879549129e+02
-5.604079040312487336e+01
-2.025986234444406193e+02
2.724661633287839777e+02
-1.231944405601289958e+02
-2.980258113418392441e+02
5.116788916643340599e+02
-7.700477815431145245e+01
-3.539866884781321232e+01
-1.180219780777072742e+02
-1.306571244623189614e+02
4.836255211223901824e+02
-1.161072366182247606e+01
-1.416131744864137829e+02
-7.701017254127040701e+01
4.554579890577022070e+02
1.705116420127271340e+03
-5.879503498626070268e+01
-8.438093457847961076e+01
-3.220443131524729097e+01
-7.930450257006845050e+01
1.949941670344074737e+03
-1.060242784208949729e+02
4.936665083798518481e+02
2.217084964414558272e+03
-1.424097773002947633e+02
-2.059373518742991109e+02
-6.351325892388589978e+01
-1.530103039136267853e+02
1.662928435089997379e+02
-6.483653959684306756e+01
-1.085601051214266022e+02
6.259251318138652778e+02
-8.523806662940201306e+01
2.992730209702771845e+03
-1.441477306673415910e+02
-1.304320385961651709e+02
6.578756214502536750e+02
-1.108735846020435645e+02
-1.460139736634113774e+02
1.182100742351086637e+02
-6.221788906972602717e+01
-2.076496251041809273e+02
5.550384148266654165e+02
-1.183493687409338690e+02
-1.647493289989158143e+02
-5.661256799606204027e+01
-6.273064029682237219e+01
-9.508763010857595077e+01
-1.688731836035831577e+02
-1.092341530110931274e+02
4.804087287132614392e+01
-1.330930378129575899e+02
-6.566680254946138007e+01
-1.538458412521658545e+02
-1.390067823977750834e+02
-9.565069055325767522e+01
3.885818825900450975e+02
4.841757975200932833e+02
-1.028592966289798483e+02
-1.139475481836231836e+02
5.521003521071747855e+00
-1.444850600055171981e+02
-1.848596416105563662e+02
-4.025585799082062977e+01
-2.355791543947326829e+02
-8.141117187994299798e+01
-1.156801516586311038e+02
-1.700288163639400807e+02
3.226724899795443662e+02
-1.391651530533374057e+02
-1.400623371967810726e+02
-1.293398086153887618e+02
-1.953794870173462073e+02
-9.886553971638723226e+01
-1.016744933673402045e+02
1.484648642801358619e+03
3.630150014079109724e+02
-1.601266414266005995e+02
-1.053678718178243940e+02
-9.779790488599279286e+01
2.310219570438737719e+03
1.530970692237673575e+03
-1.572025930689008533e+02
6.749651739565865682e+01
-1.099987240637540680e+02
-1.302292885084393674e+02
-5.549606291327009444e+01
4.847271864322078727e+02
-1.108637008146531571e+02
1.634918097935834567e+02
6.008236319047450706e+02
-3.566082744372447451e+02
5.902861033502151713e+02
3.423546892400344177e+02
-1.748786662701400019e+02
2.558142817530107891e+02
-1.229210598558925795e+02
-1.662306250130916396e+02
-1.687842599936547003e+02
-8.517122264606442172e+01
-7.373427925817952655e+01
-1.464709051946912552e+02
-6.389296916526049586e+01
-6.693544548818127282e+01
3.394247450531374852e+02
-1.217207058769464396e+02
-6.557470492741612134e+01
-1.037248962503279444e+02
2.087551690254303594e+03
-6.926158958318688974e+01
-1.368753127645870222e+02
-4.086412457677567289e+01
-2.039442332776312412e+02
-1.027534415222816904e+02
-2.640466290310829436e+02
-1.801175981510426141e+02
