2.751206005436690134e+02
3.012046278517223641e+02
1.843626391893939456e+02
1.088720701915671754e+02
2.710278312225044033e+02
4.227571171163529584e+02
5.080280018579217653e+02
4.298689891930377485e+02
4.563720722758842498e+02
4.792110070712216725e+02
8.162834655618350155e+01
2.850897966166620634e+01
1.502570970833911019e+02
2.779626994677009293e+02
1.462626330998664912e+02
2.042568479541621400e+02
2.171975949695415693e+02
2.164794887143501114e+02
2.911902888520021406e+02
2.914368342532756060e+02
2.349375194239438827e+02
2.124150558433369156e+02
3.887501763603531799e+02
3.174224931917358958e+02
3.637663737546862421e+02
3.946755936647550698e+02
4.744644021808504704e+02
3.875409637804133354e+02
2.888579405485298253e+02
4.844502768364391159e+02
3.856512409635551535e+02
4.704503820812143431e+02
1.043517604921545626e+03
5.154067288415860730e+02
1.546558828052736544e+03
1.414352081914465543e+03
5.189421832745522352e+02
9.674080502553840688e+02
1.188739574590302254e+03
3.850637463222868178e+02
4.040787729703546916e+02
2.613124200744254040e+02
7.125878080328353690e+02
4.629257666745247661e+02
2.291620480843544101e+02
1.758513647203202197e+02
2.804463991111559835e+02
2.700955018848118016e+03
5.355381242968553579e+02
4.549781135927602236e+02
8.003551005353706387e+02
6.302409869778135771e+02
2.162820019785353452e+03
1.145146207638278611e+03
5.191687177481088611e+02
3.164590336490334721e+02
1.894169557436279661e+02
1.863701125768409099e+02
5.810924621398194176e+02
3.965801436197986050e+02
3.154054987264023111e+03
7.208577839727806804e+02
7.322031962879157163e+02
1.040720180653841908e+03
1.077582208269135435e+03
1.725511535947842276e+03
1.770655039427151451e+03
1.948452177494018088e+03
3.388934691104289413e+03
1.406142712375127985e+03
1.556048037654186828e+03
2.192492771559312587e+03
7.933290848454064417e+02
9.902073613913253212e+02
2.188181322363534491e+03
2.970574632287640725e+03
1.378202287595794132e+03
2.740556005954043940e+03
7.051465643418451918e+02
1.148670135031814652e+03
1.399522514731693718e+03
1.980679504090273667e+03
2.634397791476379098e+03
2.800722734639529335e+03
1.738509987796015139e+03
1.719230617656847926e+03
2.941233431267156448e+03
3.570545870230710079e+03
3.602997770953968484e+03
3.626210568014407272e+03
3.796784599670203988e+03
3.853629359944497082e+03
3.716053739405730539e+03
3.575069443898592908e+03
3.883973904169956768e+03
2.165590862284097057e+03
3.277903803682305352e+03
7.647216151554982844e+02
2.726006780018085010e+03
3.390019230347953908e+03
3.602058475844770783e+03
3.555368086069668607e+03
3.675438985527495333e+03
3.545176077258106488e+03
2.366082761795599254e+03
3.609260487365553217e+03
3.722423411060919989e+03
3.645677003533520292e+03
3.927745732619368937e+03
4.193961613507891343e+03
3.846114824585471979e+03
1.677273984250789681e+03
2.026223348868154517e+03
3.282305243476008854e+03
2.100393329520476073e+03
1.908789710766609915e+03
