8.149114579238437628e+00
-3.773142059785741242e+00
1.398971583369062133e+00
5.532470142116697964e+00
-1.578594910674016916e+00
-1.133746118893483867e+00
-3.053659827273437433e+00
-5.562414876827455501e+00
3.036104875485975185e+00
-2.100788090380687478e+00
1.270474362467675178e+01
9.735899350910055539e-01
-2.641803008623616389e+00
-7.757048671493583569e+00
-2.647144737882013432e-01
4.118986171392394091e+00
-2.486356852389268290e+00
1.312348932758450459e+01
8.302235697059863195e-01
-2.858096504030161800e+00
-5.476091418371198394e+00
4.484240354239711124e+00
6.484567050681071976e+00
-5.735658513413093296e-01
3.678820545805267983e+01
-2.050892246929853613e+00
-9.754308975026945161e-01
2.714431423768411289e+00
2.538828219044243273e+00
4.617622617437792343e+00
-7.176791752607361907e+00
4.232652208222240198e+00
9.945914370193527532e+00
7.662929610755591092e-01
-7.161279291385307388e-01
8.045529961849876344e+00
1.333272544325815323e+00
7.757774982717817736e+00
4.988723561724221489e-01
2.737421264998571857e+01
-4.316941506836956322e+00
1.385732879762201497e+00
-3.386047646661948463e+00
6.417458881822545536e+00
1.759456129181335537e+00
7.629768342006030268e-01
-9.226459420962124236e-02
-3.374945481676135728e+00
4.048868614154358170e+00
6.783764620221991670e+00
1.770870125220942448e+00
-9.664400184970276086e+00
3.682198220120978527e-01
-1.481040610615070308e-01
8.018994852654007133e+00
1.481947868624838627e+00
-3.414434013058532003e+00
2.392411564838953897e+00
8.952462744624678948e+00
-4.430966754148593090e-01
5.249183578949601081e-01
-2.372693537693925103e-01
-2.407012005037699076e+00
3.800095073425285186e+00
1.424639765921516954e+01
2.278134555149517571e+00
6.918817346234364507e+00
-2.105261639624267378e+00
-2.469089489741835841e+00
7.110875378027887272e+00
1.605711102640593468e+00
2.812141493034987505e+00
2.979867063835027530e+00
-6.992736670971152257e+00
-3.832669672535886640e+00
2.916020521987856551e+00
2.972668892045171596e-01
-1.542405671249523103e+00
1.029330407912209289e+01
2.292851926004914276e+00
1.409706997039260479e+01
-1.160938894306604130e+00
-6.195859288292059119e+00
1.305500558993926363e+00
3.694818137484431553e+00
3.294345200964965970e-01
-1.412190738179593286e+00
-2.158077203977004643e+00
-2.671239895510384432e+00
-2.112650758713789045e+00
-4.071877463264239161e+00
4.868037001883442016e+00
-3.145734435945162222e+00
-4.536854622950574067e-01
3.238602771908168698e+00
-4.093084708547734429e+00
-4.911092793720448491e+00
6.353926094225084142e-01
9.640956673976209146e+00
1.414736627797496560e+01
2.035594191633538053e+00
-3.815451507624982419e+00
4.562879761921198041e-01
-4.489372037201534660e+00
2.639505700058901727e+00
2.727597668919254481e+00
-3.890811565312076947e+00
6.960476993454236094e+00
1.510144480382288812e+01
1.908976780967248876e+00
8.972101720325209584e+00
3.529378199071709687e+00
-3.600929515630755695e+00
-9.968336804044085397e+00
-2.314937471607003250e+00
2.401503831063185324e+00
3.039513270693775304e+00
1.304650213007868942e+01
-5.513060088657053548e+00
1.521231526425448344e+00
3.621965260777262330e+00
4.328296596213960790e+00
-2.821215836444575409e+00
7.879900576740067608e-01
3.759932058551830547e+00
3.153571193901569369e+00
3.094530671224610341e+00
-4.841582304776594903e-01
5.068529228067952808e+00
-1.361893665518967289e-01
-1.864240313233820778e+00
1.830277032853819152e+00
3.938331236027436510e+00
4.990035116719511166e+00
-6.175329658501309105e+00
7.147025703601403102e+00
3.109914419801553254e-01
6.469197855583892931e+00
-3.463412664601445701e-01
4.519015195632341886e+00
-2.084755860906574998e-01
-6.371012796245613785e+00
-3.102077577288873567e+00
6.986925200965403704e+00
-2.023490143064798907e+00
-3.404957021574202547e-01
-4.975321346978661907e+00
4.921991709482139932e+00
4.235452597547348930e+00
-5.120718559899194666e+00
1.139697239555558905e+00
1.702259809434699012e+00
-4.624931950121121460e+00
1.331592003492856335e+01
2.446190172740123625e+00
6.544285901554043328e-01
-4.580718752706466113e+00
-1.568422884120325711e-01
3.629509948035373856e+00
-1.063576409945612200e+00
2.215120191380535886e+01
-2.830141898675040846e+00
-1.024089298300804307e+00
3.259485993161407080e+00
1.173599938609164539e+01
-2.712725534887868939e+00
6.061564387481993776e+00
-1.110996388479071761e+01
2.927770777805856817e+00
2.162566578838941211e+00
9.357784659367798241e-01
-1.423731397155820311e+00
-7.061350946537123807e-01
1.497980882750509002e+00
-2.547971276796444862e+00
1.536435404486870659e+00
6.559258220771745584e+00
3.110948144979545082e-01
2.590894746404181159e+00
-1.881467744828998256e+00
2.584671167120423885e+00
2.518160740785384544e+00
-2.298493453793155616e+00
8.798416272717586306e-01
5.896650626629469372e-01
-5.485211416017566677e+00
3.862856013346792849e+00
1.072556516471752097e-01
-3.695063795477757207e+00
-1.410924020569001236e+00
-6.701257615697100434e-01
1.203005730493955561e+01
-1.622406813200989895e+00
-3.879300907057243286e+00
1.333096381581147583e+01
2.340397756617648817e+00
4.019923472934340047e+00
3.047204696787362721e+00
1.199901173144010968e+01
-8.968128113772212417e-01
3.049102328950955343e+00
1.013162438088406558e+00
-1.284965323952447225e-03
-3.157861410334375840e+00
1.015652834127056314e+00
5.260759886892310888e+00
-5.014461069131401771e+00
-2.445535013996787299e+00
3.081209612979439516e+00
-3.159509666508073522e+00
3.760334026561606535e+00
1.743551546941936436e+01
-2.455532572798292179e+00
-2.706387734252313493e+00
4.095944925561438410e+00
2.489801314027631385e+00
-5.230392342040795839e+00
2.865857813811684363e+00
-2.365748523245933210e+00
3.293141733171729868e+00
6.545457203691782411e+00
1.456474718614709563e+00
-1.308253669719134704e+00
-1.991275626983661562e+00
-1.046323635153705078e+00
-8.784188607867346121e+00
9.115527016589540565e+00
-4.256543241148467160e+00
1.256389059547821319e+01
4.422761591490776745e+00
3.481933532632120354e+00
1.301093971885026512e+00
1.246448050727454682e+00
-2.469115822784088365e+00
5.430554581731527719e+00
-1.416386389528151657e+00
9.039008949179102581e-01
7.749492161523250378e-01
2.043658640249044756e-01
3.066664934722409974e+00
1.971649792325571582e+00
1.029000759498750472e+00
8.522168631414526629e+00
1.314371921191033721e+01
1.545431750304733454e+00
-1.139290543253305366e+00
-2.017387531604780460e+00
-2.538032751911294849e+00
6.706646642735822894e+00
-8.605101590401003087e-01
-2.223690147236147219e+00
-7.808687588359797260e-02
5.908983361325941264e-01
-4.885295542569312310e+00
-1.502019130613982512e+00
1.505827096586405567e+00
1.374204774084679115e-01
1.004040284316144849e+01
9.372539991113200131e+00
8.787583528315170867e+00
-2.227765504217752657e+00
9.995954286727727123e+00
2.034988099617612622e+00
2.240163986951810404e+00
7.289571516566480724e+00
-1.181234881010867888e+01
-1.960156568221243178e+00
5.845584800053197361e-01
4.165370393131980542e+00
1.214938686368170906e+01
1.693910301363482196e+00
1.145310744950244874e+01
6.116205244226188498e+00
4.067147804292544633e-01
1.624921169594816250e+00
1.929195208125743832e+01
6.735968450489056458e+00
2.584919961116953768e+00
1.278685496957821410e+00
2.937752491950991196e-01
-6.084587099504776830e-01
-5.673098817323488641e-01
-9.772895673515671344e-01
6.554100648400555507e+00
-6.389596321009571867e+00
-5.836082318477185282e+00
5.318071573677896069e-02
-1.166045319935684832e+00
1.098080961503101749e+00
1.666743429739743476e+01
-1.350897021956082966e+00
-3.803364411968075842e+00
4.821642679245312202e+00
-6.816599905940999626e+00
5.584760966382787295e+00
-3.187085443986817257e+00
1.153217036487567349e+00
-6.584435292806593232e+00
-2.136559125286471517e+00
4.532628402854363081e+00
-1.223518884170429866e+00
4.128360688702368719e+00
1.035037530320225052e+01
-1.241227937997215314e+00
5.319965320334928194e+00
3.981739691047694318e+00
1.245531134870621504e+00
-6.257344398343369640e-01
2.103456681063442524e+00
2.510721515017307226e+00
5.086310820818828127e+00
-7.227103589661854066e-02
-1.110338000388704671e+00
-1.076568954034530456e+00
-2.583210328106552378e+00
-2.048630801741398333e+00
3.182899456656900661e+00
1.873328449216443659e+01
3.681564848914989252e+00
-5.164557289145876418e+00
-1.117346042528708061e+00
3.414881682577600053e+00
4.872733360271226388e+00
1.685286333584397767e+01
5.372510758856743784e+00
6.811373016808891734e+00
1.027783844726667262e+01
6.997968817519961693e-01
1.342465317859999274e+01
5.398920113123804043e+00
3.938539239108886925e+00
1.857353053819629007e+00
1.676041799635805907e+00
8.407051018047221547e+00
2.037997052586362656e+00
1.577396073491451389e+01
-5.726486754859380079e-01
1.460148062020230064e+01
1.168640798794778002e+00
1.489309860059024437e+00
1.056220774108407312e-02
2.257449234781291558e+00
7.360100616334327661e+00
7.994598181861754860e+00
-3.693226293035500873e-01
2.799279756395227636e+00
4.638426656127091263e+00
3.002852105963776275e+00
-4.320013203434243110e+00
-2.335143255170286924e-02
2.929055229639100588e+01
-9.671258904651663935e-02
2.521543444744339890e+00
-1.737448937799082938e+00
2.078891870436686773e+00
-5.012456062920949584e+00
2.065466623983624128e+00
2.495638177770214128e+00
5.856927933936721509e+00
6.996338282619305460e-01
4.177993516613056180e+00
5.203781109045999997e+00
2.994819440571553670e+01
-1.772462909719800139e+00
-3.114066108998062354e+00
-1.733894125498911976e+00
8.251111570465905487e-01
-2.197610836115523880e-01
2.806490044838647613e+00
-8.668929722631908419e+00
2.322111376969399643e+01
-2.874233788911675802e+00
1.698007916319923982e+00
1.398529146373011756e+01
-7.769339987970604877e-01
-3.001726730842809499e+00
1.257306479388010656e+00
5.379849652809448601e-01
7.286955716294905017e+00
3.349601980200493490e+00
-4.036837950515642648e-02
-5.007125284910824980e+00
2.443371372575836364e+00
9.523987471376676339e+00
2.401600040173913264e+00
4.914511066888319846e+00
-1.794459580305737267e+00
-4.741750643734253146e+00
8.873103423701759196e-01
-1.077055563569795593e+00
-2.844614610770780150e+00
2.362967659521550079e+00
-1.114428216407842009e-01
-1.825193105846797392e+00
-3.038445425429469271e+00
8.293395091212607539e+00
-4.066015705589345330e-01
-2.678706871227595432e+00
1.423157945218312115e+01
8.629566141364442444e+00
-3.579220088478639372e+00
1.501544519200953332e+00
-4.153894595793450328e+00
-2.605282842762783879e-01
-3.907191168534885350e-01
-2.747833290434972486e+00
2.958435808907540210e+00
-5.488692064056033715e+00
2.070019728793851321e+00
-4.152646465760856387e-02
-5.587239708730869836e+00
1.252855188951682797e+00
4.448290111376315692e-01
2.958633157802991853e+00
2.968991094980917289e+00
2.395281803021929168e+00
-2.356796417883223693e+00
3.093233976763292592e+00
7.044238179968935754e-01
-2.527154709785024433e+00
-5.274612313032456257e+00
3.708114390044303654e+00
-3.417832626373638938e+00
7.300069435804785734e+00
-1.116313396305855576e+00
9.838459529965261297e+00
4.315668973216932880e-01
4.294662833455715756e+00
5.254199803367641808e-01
3.205269176387524954e+00
4.552197736681447005e+00
1.536121046306930360e+00
7.026938420755917569e+00
-5.762255884184386279e-02
7.105933028525426742e+00
-5.299800951726592046e-01
3.288501330051714078e+00
2.247355967916854214e-01
-1.504829533361142557e+00
-9.876108384904165316e-01
6.068237437329159212e-01
5.171204135544812175e+00
2.835337457112402149e+00
-4.857955132927481046e+00
-2.216127729399040291e-01
9.159096330843761180e-01
5.273151032588873299e+00
-5.336134058720126916e+00
-7.019970676190937509e-01
2.446217171342013330e+00
-7.248057665850913267e-01
5.976003122374037524e+00
1.133225714594776612e-02
-1.822202301632271926e+00
1.303137573553168060e+00
-5.864934704939295251e-01
4.552102344274315371e+00
-1.138665527853922610e+00
9.509599449009187300e-01
1.252242675550986206e+01
1.658229291106710690e+00
-3.321158851582319382e+00
4.127588817636553387e+00
-7.225740106912162952e-01
1.820524990778641827e+00
2.272211453497349432e+00
2.523679423424365353e-01
6.978393151392940474e+00
-1.952881472834449017e+00
-1.104964372975879527e+01
2.417469686523170846e+00
5.836882234737858610e+00
1.590944770302680222e-01
7.622524960974569552e+00
-2.925286586740808659e+00
9.694944681217486648e-01
-1.169199892096526305e+01
3.697948127924257089e-01
-5.642465456124363676e-01
5.881909435693203569e+00
-9.603027386650584418e-01
-8.185724229854001166e-01
8.308329684078334054e+00
-6.755940117748360230e-01
8.045353302633974080e-01
4.951771009014395153e-01
-3.188243492288378444e-02
-5.925957841487803357e-01
-9.711097280427518186e+00
9.378602760778630199e+00
1.874890919100102638e+00
1.327126712468497693e+01
-5.364762112837460073e-01
-3.042772788863532085e+00
7.754921866397369357e+00
9.966579347292984892e+00
-4.281835604574323995e+00
6.079060126224645089e+00
7.101951727194729669e-01
-4.792643571054808760e+00
1.198964811253026852e+01
2.615714818071679382e+00
1.545577563067236149e+01
8.868122802770489699e+00
3.957229636248033700e+01
2.858205876909741505e+01
-1.216612172075718057e+01
1.127920527343290580e+01
-7.342083060307171394e+00
1.668367003573993657e+01
-6.808325086498571821e+00
1.869884647177134696e+01
1.380211929925883041e+01
-9.870433925324048730e+00
3.228663108932515513e+00
1.614141212156108907e+01
6.191300119326695217e+00
-7.915103757377487170e+00
7.839868198556189327e+01
-2.677066210955037917e+01
7.673902087466213828e+00
-2.088859067512961687e+00
3.271230516729052340e+01
-3.267675093419528309e+01
8.022060617413352190e+00
9.390227694406142689e+00
2.271698439628216803e+01
3.872205312483124828e+01
2.229789142069641912e+02
2.611004817914528076e+01
2.896553578017424115e+02
2.623668437864494649e+02
2.646395203945010053e+02
5.770819601437751523e+00
5.366786438658266434e+02
4.867337090210415340e+02
5.828105109642027628e+02
2.944991830120750009e+01
4.215239890025327441e+02
1.281900166807226782e+01
6.901608155233592470e+02
8.924733867013350164e+01
2.542496568744414986e+01
1.938024935056613174e+01
-8.781228638833391997e+00
5.661241379428506093e+01
2.651298483650475077e+02
6.454666116524947483e+01
2.496333199918493904e+02
7.713030593820579206e+00
2.798973433814725240e+02
1.016336661930886720e+02
6.654814343765157503e+01
2.311191135144158082e+01
1.155950075074808012e+02
8.474536281930977566e+01
2.181861544188762139e+02
7.906917747950890885e+01
3.516068596801623016e+02
1.774797881499887637e+02
7.001312929033245780e+01
6.150635748927481927e+02
2.907480210741604054e+01
3.337376234956843746e+02
4.277587757871039571e+02
3.328130060899230784e+02
1.811155229350460729e+02
2.821337262196619804e+02
2.696202563020158749e+01
2.194431467672783356e+02
3.067248376497458935e+02
1.541983418401918904e+01
1.898426096817560449e+02
3.602725857873951831e+00
2.562381995366442666e+01
2.002576863051658407e+01
1.348499550184665630e+01
1.749212147942655520e+02
6.033078563618256851e+01
1.128516679821054396e+02
3.058441473614112738e+02
2.706578482817781719e+02
2.547321917372165956e+02
1.666594619821700292e+02
2.710428788117183672e+02
2.506382841470589256e+02
1.955035182294389529e+02
3.054954195029594075e+02
2.668568527084572679e+02
2.718098017600798357e+02
2.972249885446032636e+02
3.006574273748304904e+02
1.417626865664535103e+02
3.779158092566931941e+02
2.914662083375419002e+02
1.493132305440160508e+02
3.191981092303899459e+02
2.482344546972938986e+02
2.627439787684563157e+02
2.590857253500051911e+02
3.637925129872572256e+02
3.080693910278179715e+02
3.254407728477530100e+02
2.098560852664896004e+02
2.265036116595804572e+02
7.215866164050852660e+01
2.250390933007051899e+02
2.228896195523451809e+02
2.314555107285175666e+02
3.157658259524750406e+02
3.327209184171586571e+02
2.122897849922879914e+02
9.850068270396187131e+01
1.565540205222390568e+02
2.564474768688750714e+02
2.050793065838812481e+02
3.810695674379577440e+02
2.148254273534427341e+02
1.591958521606865702e+02
3.502341785117427264e+01
-2.735721291796920251e+00
7.052082711909577029e+01
2.718881448665206904e+02
1.798711966385089056e+02
-4.916071548341635733e+00
1.012949202789850887e+02
-3.015506794013755254e+01
3.343485638752846967e+01
-9.303596626809626002e+01
5.084668850340950286e+01
-5.916954154353732953e-01
3.842899415160152188e+01
1.421791191286099831e+02
4.496168179675227350e+01
1.434118689961223367e+02
9.172926179547252445e+01
-1.342353826426713148e+01
-3.872222432209497356e+01
6.860818431466798017e+01
1.059787834988421480e+02
5.455094403769096800e+01
9.114343978269518232e+01
1.722945446997097747e+02
3.601104224548434729e+01
3.245035134781201123e+02
-7.155590164879237491e+00
4.650936079016714757e+02
2.153311084200304037e+01
1.438993837931403448e+02
1.602603707453947379e+02
2.291924472490671292e+02
2.447085922570696823e+02
1.421260213480103687e+02
3.198958851096345484e+02
3.228229170017968386e+02
2.765579752523730690e+02
2.423637905283591181e+02
2.988153316625467255e+02
6.676709225189128460e+01
2.093036290732906650e+02
3.049286185687040529e+02
2.526444229539787614e+02
2.524802818570484817e+02
2.581122761632751121e+02
2.576285330268831331e+02
1.228702930137199019e+02
4.386299295010161359e+02
2.905539988539417209e+02
2.216181403014010698e+02
2.755464119080426713e+02
3.553125153006150754e+02
7.876538869026411760e+01
2.496952591416114160e+02
3.249091590100589997e+02
3.120422290503238969e+02
2.652722980320838246e+02
6.528490455713931340e+01
2.180557938998623229e+02
2.273066049781305367e+02
2.280601746967765564e+02
3.341710583850444891e+02
2.430629106598777156e+01
1.950744279055489869e+02
2.190861905800772718e+02
6.162079969960188919e+01
2.536225120343696062e+02
1.777944725910112709e+02
1.631094885838137998e+01
2.557813803157071106e+02
2.213075053732936794e+02
1.423840381771785779e+01
2.858336743904268360e+02
2.848903516785329657e+02
1.044091052385488716e+00
1.811096385897892844e+02
1.222948273045745111e+02
2.366307362192910091e+02
6.601017177334162511e+01
2.807415479745043285e+02
4.965148631339848606e+01
2.560249722596902870e+02
-2.415159051761233133e-01
2.236482916844795739e+02
3.666596497616316128e+02
1.336508183420685896e+02
1.599666233083033831e+02
2.484104790064338601e+02
1.949336237543201946e+02
1.691607816819157222e+02
1.646346430153843414e+02
5.953214139383369456e+02
4.729093689904129860e+02
3.467287650479511285e+02
2.796816968766769946e+02
1.963542689200361337e+02
4.791952260615239538e+02
2.960917806166351056e+02
1.751499071659327456e+02
4.598440325348636293e+02
2.772756982074860161e+02
2.351775007028352604e+02
2.724899577004452453e+02
3.403439015700565733e+02
3.098210055551264759e+02
3.612282880348649314e+02
3.160124505566796138e+00
6.555851891001710783e+02
4.623688858286934078e+02
7.874649921912285890e+02
3.004498830254461339e+01
2.556790213011940409e+02
2.750763317475101388e+01
3.088467420148033966e+02
2.825277701129817842e+02
8.288963801106939400e+01
1.516063295332203609e+02
7.880260917655401443e+01
3.657299787626370744e+02
2.458349778957190210e+02
3.088223195111753512e+02
7.507530109138119769e+02
2.806110672061953437e+02
1.400284245141581891e+02
3.149259408976759573e+02
3.898922229608048156e+02
3.254243161577500132e+02
2.426128753571586287e+02
2.043386373508041753e+00
4.503364079517201048e+02
3.179229006781923204e+02
3.875530984027480486e+02
2.375676593689906042e+02
4.707501139570595114e+02
4.738401321060308646e+02
3.538528139288664534e+02
7.256961872594484930e+01
2.894929070402956128e+01
5.410928534755850450e+01
2.530036808476008403e+01
2.530921264255201208e+02
3.618291413665091909e+02
2.285084612205540395e+02
1.737630033165550856e+02
3.767312822558670860e+02
3.332399766036983237e+02
4.203484676446074104e+02
4.547005814807787374e+02
4.320257231575712353e+02
1.878881792275520297e+02
1.520664551142486118e+02
1.551652999654326379e+02
1.812982300724203810e+02
3.570370923694002840e+02
7.339838644609041296e+01
5.036133134611744140e+02
2.175355337807637852e+02
9.892305246986521752e+02
2.911786644602421248e+01
2.657567997489979348e+02
3.121828487505108001e+02
3.547566739337848389e+02
4.931789319700252463e+02
3.559014327439457475e+02
6.441978829766542276e+02
3.215729911593909378e+02
7.349969821901828482e+02
1.091988368390817676e+01
3.555843413408010747e+02
2.263236769787068283e+02
1.610047349088176247e+02
3.125471243346269716e+02
2.073750211059160620e+02
3.883314949071372553e+02
3.034936496999212352e+01
2.958853319540319831e+02
2.653443906597453861e+02
3.787323086615432430e+02
3.480437124855930051e+02
2.476664951806475869e+02
7.807381890948206546e+02
2.579913026861440244e+02
4.043965156589351295e+02
3.853922857115460374e+02
4.881664846484044062e+01
2.754794956061636526e+02
5.328242186926502200e+02
3.615635591439305472e+02
1.835955601606425205e+02
2.926872514707838491e+02
2.572556645999150646e+02
3.190344390510246058e+02
1.793268061888645661e+02
1.917298515120461957e+02
2.897867209801378294e+02
1.826096214579159209e+02
2.651694946542426123e+02
1.197302279761386501e+02
1.864223854525912714e+02
2.992655117545104417e+02
3.685413990178549852e+02
3.681830710348446019e+02
1.940732214026909048e+02
3.875036776078329126e+02
1.503546777307931279e+02
3.277136257421340133e+02
3.249324236175131659e+02
2.962307381158985891e+02
3.959246638454710023e+02
1.541932355051422405e+02
6.053472286113712926e+02
3.187347205197151538e+02
2.772072283363358451e+02
3.730299978258732381e+02
8.599784488180458766e+02
3.216948096786920814e+02
6.168790114280695889e+02
6.025128311091285838e+01
2.710108263371706130e+02
4.391554054590200735e+02
3.212386994273559822e+02
1.829966333082296615e+02
3.167464090303575404e+02
5.973885577162961980e+00
4.188411920363143963e+02
1.566387616413828141e+02
1.451129407875601771e+02
5.375016634608027744e+02
1.658508544104864768e+02
4.320654025292401457e+02
1.495875072666900394e+02
4.129682299081827637e+02
5.075795382640950493e+02
1.176531390493339870e+02
3.371461508557740103e+02
5.031848199697625432e+02
1.198850158112947156e+03
2.648162611748335848e+02
4.862727233077562801e+02
2.378149764996033184e+02
5.518473701368117190e+02
3.207485527978044360e+01
1.571741657794769651e+02
1.114213926927694047e+03
6.683826209231066287e+02
1.059054056122645534e+03
2.823843009360732026e+02
4.594993746311929499e+02
1.202590875396067077e+03
5.988899466750432765e+01
5.200057542335847529e+02
3.172831010389860751e+01
9.632283581632630387e+01
8.557090991220667320e+02
6.021696941210771570e+01
4.474067079611128293e+02
8.274978775311525396e+02
2.921812000250086498e+02
4.358578137623459270e+02
3.513958918970999434e+02
3.930885564145031026e+02
2.991846360185793969e+02
7.294566352069184632e+02
5.453416162470051631e+02
3.278068996935109567e+02
5.534104981239574954e+02
8.709063985369765533e+02
7.143116610673392870e+02
1.389730176081354784e+03
8.626977182087878759e+01
1.453810347071354272e+02
4.356038847504573823e+02
8.579661030325968341e+02
4.168294003221744788e+02
3.218501539782360510e+02
8.264684405929358491e+01
3.548988774672426985e+02
2.205487292302203741e+02
2.495927089100827629e+02
7.263895911439890369e+02
3.960324967237691567e+02
7.021297847244359218e+02
2.579823339544871601e+02
2.375797924639060454e+02
2.500412647909545854e+02
1.962340793594611057e+02
2.032603814306588674e+02
7.487422659595065397e+02
6.887485356464346751e+02
2.935266175011119572e+02
6.759584592606283593e+01
9.080045360324860440e+02
2.151359178444170368e+02
7.689194587620709171e+02
8.295209679433553163e+01
1.284407556508449261e+03
6.712190766132151793e+02
4.437361291006770330e+02
7.467137302132803143e+02
2.690917566591835453e+02
4.196352978443027837e+02
2.579599458616440870e+02
4.071060743263751078e+02
5.909624646884547019e+02
4.792130132519459380e+02
2.287523912046525538e+02
5.306626295101339110e+02
4.872774486141059356e+02
7.408942537094529825e+02
2.914938670997051418e+02
6.561209848796169126e+02
5.369839182773444008e+02
1.240717138760298965e+01
3.552839914351143307e+02
2.896692325782410649e+02
3.430330639397905088e+02
3.902169311836649399e+02
3.312472361818814761e+02
1.775156711600045298e+02
1.201906596284310808e+03
8.294529269261860236e+02
2.953970153033512247e+02
7.876669246097371513e+01
1.016028775865801208e+03
6.567940778559961927e+02
5.629364953172732839e+02
2.236872317283068234e+00
7.125176608659261319e+02
2.157323527127922773e+02
3.337949288969130635e+02
5.426978674988819193e+02
2.667309021083213452e+02
1.228030600153861585e+01
4.666761317439882077e+02
8.850997521579727163e+02
3.361217306165977448e+02
2.394304962412128930e+02
3.524069014826058943e+00
5.081166385666852392e+01
8.792059664827996812e+02
8.920233937896846328e+02
9.793410627051561335e+01
8.604959484623349226e+02
1.660940694576300416e+02
4.243728506017476434e+02
2.964886613758629323e+02
2.840569712529242565e+02
2.818165912162285736e+02
2.187300757424646847e+01
3.052032305484590893e+02
3.212349949313314710e+02
6.121009577646299249e+02
2.171477116766918698e+02
2.490669672257239995e+02
8.671132962406561546e+02
4.421948503951973066e+02
3.520809169105052661e+02
5.226208770291340215e+02
6.494039868565355391e+02
5.030526956199937558e+02
6.533038648302739375e+02
1.312729299578435302e+02
5.960743275857199706e+02
5.166752510686599180e+02
6.492399150761464171e+02
4.414523608219780613e+02
6.174177719361033496e+02
1.090162662997782263e+03
1.037865144196025540e+03
2.682194632308321758e+01
5.506347886525443300e+02
5.338210207385145623e+02
5.655988941058941464e+02
5.202399791385458911e+02
1.839219253910825103e+02
4.716016071938374239e+02
1.279114654654594858e+02
6.070900609361887064e+02
7.238479534147977574e+02
3.664201699522143940e+02
7.029505261116619295e+02
7.110757953279112371e+02
5.203992732370899148e+02
5.647314973820539308e+02
3.472312946194538767e+02
2.541239126981284926e+02
3.639962523054556414e+02
6.408488823782560075e+02
1.394126661474901994e+02
5.763209866185287638e+02
1.545870234509178509e+01
9.874169172946576367e+00
2.760261577897960805e+01
8.247241517401798561e+00
2.412610227879570957e+01
7.734516981789084866e+00
7.984423779422864520e+00
1.007489099835350999e+01
6.661444575088322217e+00
7.536699625501866784e+00
1.734349955385746256e+01
3.167908045482705504e+01
2.257519930287062593e+01
1.083881379632659048e+01
1.199607696317137417e+01
1.170618073888235777e+01
1.727172896487061493e+01
7.056089789631545983e+00
2.292143213308728988e+01
7.170164809615412693e+00
7.868742653555877098e+00
2.828974968748081764e+01
9.096084464895976396e+01
5.344359178086805287e+02
6.413642550623484340e+02
4.542487749083080644e+02
6.438614047256376693e+01
2.211043373436540094e+02
3.022227614945614391e+02
5.242998618055025872e+02
6.962558308966877121e+02
1.020821959452416792e+02
7.037279329052171306e+02
7.390308575032413501e+02
5.340979863221979258e+02
3.770961775527798068e+02
1.932507939086307402e+01
2.843296855461193218e+02
7.677384336612964262e+02
7.084981221285393076e+02
4.686972375077257880e+02
5.821870754645251509e+02
4.585610191890045826e+02
8.191890808415708989e+02
2.704114687998605291e+02
4.676176816641784626e+02
8.872985247600676075e+02
2.999701596041909397e+02
4.228655731892691847e+02
3.067570654712332043e+02
1.025961553720815346e+03
5.289519195801116780e+01
8.612537104638902292e+02
9.730889055277963280e+02
4.573193121860813335e+02
1.689471755021434092e+02
5.792589277945660342e+02
4.764197079300386690e+02
4.866142716425580943e+02
6.038323229636665701e+02
4.246842826327245746e+01
7.093241085960625014e+02
4.638261842451075267e+02
6.745799076233836331e+02
4.922000115996828526e+02
2.579695512816540486e+02
9.513151184696622522e+02
6.977235727343647795e+02
3.509912985401176115e+02
6.740175265109623979e+02
4.465702554973325960e+02
3.118378236412156639e+02
6.784908778510360889e+02
4.592363114619335107e+01
5.033901661079301562e+02
5.229724674051219608e+02
4.776086408450962608e+02
5.109200484785778258e+02
3.189972332521036833e+02
8.314952801433961440e+02
6.814012132759676206e+02
5.839008904820146881e+02
5.489585877872212905e+02
6.250550878256472487e+00
4.884340686439988986e+02
6.001761655015274073e+02
5.420891376389204197e+02
4.723182450578933640e+02
1.404284487593501183e+02
6.269431794246593199e+02
5.692853090271338488e+02
6.105627459983026029e+02
4.054820200782428685e+01
4.671273237449814246e+02
8.226327449251932649e+02
5.556124153412547457e+02
4.082053514590082841e+02
2.699642604256357572e+02
5.671956402487437572e+02
5.305839458450136590e+02
5.846509858388066050e+02
1.357458477008712237e+02
4.967574596225960590e+02
9.394873833949196751e+02
5.540888843380142816e+02
4.764330383522044485e+02
2.221702829651017510e+03
3.322845830070291981e+02
5.876401180844534338e+02
7.132143582227461138e+02
5.891084462806328474e+02
5.451324273249623502e+02
5.009528675081487137e+01
1.584047675622845645e+03
1.585454433709817863e+02
7.730014299411911907e+02
5.446304361567282513e+02
4.563364206835049117e+02
6.795874402151043796e+02
8.586259458761184078e+02
4.587351955933224090e+00
3.167945125172974485e+02
5.400885539412242906e+02
5.425646045182977559e+02
5.781335632002840157e+02
5.388061883847249192e+02
1.006251982668982123e+03
1.537286845490090855e+03
2.696959515804600187e+02
9.118917832022885932e+02
1.661013755211072521e+03
6.437552478465056538e+01
7.916710539813706191e+02
6.277073144826131283e+02
9.383769032078919281e+02
1.744776070883617649e+02
1.368087097978178235e+03
1.304061492723241827e+03
3.802285538057511616e+01
1.038217499041812971e+03
1.179109336424048479e+03
4.033667654747943629e+02
2.590977362208647037e+02
9.402303162043050406e+02
1.149203886747952083e+03
1.588156115271412716e+02
1.217149642936798500e+03
8.223533047313754878e+02
5.969490409112744373e+02
5.956237138672281617e+02
6.063135673696236836e+02
8.820687503389347057e+02
4.411661237939646298e+02
8.582567207022327693e+02
9.843255801561385852e+02
3.456062605221442254e+02
6.539597885979599141e+02
1.351391468114372856e+03
4.981845930103366982e+02
3.977569231416807582e+01
4.935573985403937058e+02
7.368961598511829152e+02
7.733260064894569723e+02
3.092581643402876352e+02
9.345153749585553271e+01
7.539081245025068938e+02
4.906798563656408305e+02
2.178110836315320569e+02
6.675966101635706309e+02
6.921002818254262934e+01
6.907641729678502998e+02
8.533034447380035203e+01
2.200623870618499893e+02
7.867852056202740414e+02
6.925794463839180253e+02
6.790179865502968823e+02
5.430332316172673472e+02
2.426310086307493634e+02
6.350287289655655059e+02
2.563101215492134770e+02
1.694654159848026438e+03
9.812537193400328306e+02
2.065476623041952735e+03
3.100568310087695068e+02
2.822418826446475464e+02
6.699843020398980116e+02
5.997989733437024142e+02
2.384193499444230042e+02
9.595356156117375122e+02
5.097884852936049072e+01
9.928669779323705598e+02
3.812662310961457592e+02
1.041343669290957678e+03
1.469930972181038555e+02
1.757741713553190721e+03
1.124887011088566396e+03
1.036794110368795828e+03
9.927298311442426666e+02
6.360768397893667725e+02
1.136234163918920103e+03
9.456923810656818432e+02
7.895563358789446511e+02
4.666661795524082663e+02
8.972623654512156008e+02
4.788871713062043227e+02
3.484220542800180169e+02
2.532168272424465556e+02
1.035512749876067801e+03
6.808968104549852569e+02
3.230582747741193543e+02
4.500513596768405478e+02
1.716250785467704191e+03
5.827419718168600866e+02
1.406910290962156751e+03
1.431602958853426344e+03
6.772423781997870265e+02
2.116194565095646794e+03
1.464173869254543433e+03
1.365096702896895977e+03
2.903390295515107027e+03
1.276458560682759980e+03
1.339305483793995336e+03
1.130749520221943158e+03
1.206389863920879407e+03
1.054216513970150345e+03
1.426903967978088531e+03
1.190692286573781757e+03
1.467884981857011098e+03
8.885471770441661192e+02
6.578349518726220140e+02
6.464916982724961372e+02
4.016411195537222625e+02
7.834473583959677399e+02
8.536936023408661640e+02
8.238262125782346175e+02
1.445173537185895611e+03
8.888271540144205574e+02
5.049857425629353003e+01
1.947377460894800016e+00
9.426935425520377976e+02
2.178087389298354708e+02
7.065947503300915287e+02
1.803873627710538301e+02
6.159941977309289314e+02
4.600280016630878208e+02
5.474064689220514310e+02
7.132619034892462651e+02
9.656401657865144728e+01
2.388876369427942336e+03
6.064431685023853333e+02
2.182952280975261147e+03
6.284984481469125228e+01
1.266594698150068552e+03
1.265046387803016842e+03
2.973366625018727518e+02
2.471926781882277737e+03
3.898848181213149928e+02
8.117417528762791790e+02
7.890591746110925442e+02
6.455290182705324469e+02
3.383934793512815418e+02
1.191454715452691289e+03
9.171182689945756010e+02
9.919470466114325973e+02
2.266889591149984426e+03
2.020669773140203631e+02
1.621763982558079533e+03
7.771841251109084396e+02
1.719928364339146469e+02
2.624989485166349823e+03
1.018759791520351996e+03
1.832693903138678252e+03
2.785186333554909197e+03
2.424259456959782710e+03
3.932284422289670260e+02
9.756667055989588562e+02
6.843511299181283221e+02
9.601356130616960627e+02
2.145278413478329639e+03
6.486684708610588359e+02
3.007553030025654152e+03
2.986241754300409411e+03
2.977193431016700288e+03
8.345671009509881344e+01
1.574506752672871471e+03
8.080538426709919122e+02
4.396975830862409111e+02
1.012299646221219973e+03
1.452520765701482560e+03
8.310122682428687568e+00
2.463175588213178344e+03
4.108605076176887110e+02
1.555555496568805211e+03
1.273812822439314004e+03
8.624247524049351341e+02
1.709127775097070298e+03
4.046370567203541668e+02
2.313964859932641048e+03
1.587449265666952897e+03
1.304486142406501585e+03
1.226736687623588750e+03
1.225750625486810804e+03
4.914895941753354691e+02
9.091799808660957183e+01
8.957387075835944756e+01
7.231171111243249072e+01
8.278608686888119905e+01
4.832822241696800916e+02
9.724351824232802244e+01
8.050005977142777169e+01
3.879684633418773387e+02
2.325199198610343956e+02
7.278264765372405236e+02
7.299344569149052404e+02
6.470822564595761150e+02
1.617408637478614537e+02
9.234220601202356420e+02
9.415659003715650215e+02
1.366654672618703330e+02
6.519283901558387129e+01
2.288715883309322635e+03
7.024291836579249093e+01
3.131962955596245592e+03
5.095713830230583881e+02
2.271024002180407024e+03
1.242101022331962383e+02
2.705660082243689430e+03
3.157415012744450564e+02
3.938499438554472931e+02
1.246547139255465936e+03
1.372376588679652514e+03
2.344942521449717887e+01
2.603601965410548928e+03
3.833906573069984915e+02
1.729896128873335215e+02
8.446607109655333261e+02
1.317394270360642622e+03
5.601016356707459636e+02
6.770079176947804172e+02
1.006497386546352686e+03
8.733174692752301098e+02
2.723221447344768421e+03
1.798768090666848138e+02
1.782809556183676989e+02
1.133431223133574122e+03
1.838323243757361979e+03
2.860952322444103402e+02
1.267696548083983146e+02
1.930223970676007639e+03
5.520599486050390396e+02
1.196087067915319722e+03
7.191690261161951412e+02
4.584766380725652084e+02
3.691099143421150188e+02
6.160175700993048622e+02
7.575007682502326816e+02
1.443827358693167298e+03
1.830785663115334501e+02
2.849775292392928350e+01
4.579305305205785999e+02
1.983780468464485011e+03
7.704925291477486553e+02
1.214400674431809421e+03
7.892350463464177892e+02
9.473767551848818584e+02
1.260410415365152858e+03
2.790487518011154407e+03
2.119891657481124128e+02
2.787445186343245496e+02
1.478116630210286758e+03
1.305122166599211084e+02
1.764125586288934926e+02
1.810296044694553359e+02
8.423617543895089739e+02
3.677955220028119925e+02
6.380100417922128599e+02
1.368721587728187842e+03
4.623593628400344642e+02
8.747473430486101051e+02
1.668532889697856035e+03
7.128150696661839447e+02
8.332148995959632884e+02
3.078097075725181497e+01
2.954645218158217631e+03
3.060899539506577185e+03
1.726081490072547240e+02
3.065106966523604569e+03
3.294670862237603160e+03
3.133274348885321615e+03
1.327269538618745401e+03
1.735660266219362711e+03
6.755831746311574761e+02
2.398736992749850742e+03
3.347931349172685714e+03
2.570395766416050265e+03
6.984739195969829098e+02
1.804524283842564728e+03
1.162775775635626587e+03
2.497583721670499131e+02
1.219692137990233505e+03
2.049705526992392606e+03
1.304729458179150697e+03
1.717486384385566225e+03
3.290747398181446897e+03
2.936059081408872018e+01
3.362404196886135651e+03
1.253291042583705348e+03
1.346781310762156409e+03
3.883960179936457280e+02
1.088343354457681016e+03
2.035397991498377451e+03
2.947901087023603850e+03
3.312758980332665487e+03
2.938059234702959657e+03
1.728234936133230349e+03
1.389905645395154352e+03
4.548650626081229831e+01
2.653398095491474123e+03
4.577556086346793904e+02
3.100388214844284448e+03
2.302031464755975321e+03
5.603523987236735593e+02
8.226501655944811375e+01
3.397106034480800190e+03
2.089014118328079348e+03
1.092926883201842429e+03
3.157653652174833496e+03
3.243407811538580518e+03
3.341605679544633404e+03
8.305238396696840937e+02
2.405732581997887792e+03
1.787990094071492194e+03
1.529876931480590883e+03
3.137323011386034523e+03
2.902636970849177033e+03
1.901030210296199130e+03
1.318294715752067077e+03
3.301986257285126612e+03
3.253744964001482003e+03
2.131388986593186473e+03
9.963801575255508851e+02
3.251191215674124123e+03
3.089276946790025704e+03
3.217433603821962606e+03
2.681507750926130939e+03
5.801982910333200607e+02
6.096917367308719804e+02
1.554803222000227606e+03
7.692913311173742841e+02
1.878305563801410017e+03
1.262935540817108404e+03
6.986899169188871106e+00
3.344142807316015478e+03
3.470257716569348759e+03
1.255966215734003754e+03
2.255002423707259823e+03
3.164393415991742586e+03
4.063009059531945013e+02
2.851441661281426150e+03
2.526126722537930618e+03
4.887522972794754423e+02
9.222867406224371223e+01
3.473145830523837503e+03
3.455983591775300738e+03
3.046338987643447581e+03
2.399278121061706315e+03
6.577299720285783451e+02
3.345115548318002311e+03
1.614505555346231915e+02
3.034528271260227029e+03
2.938048165443805715e+02
2.820922686111308394e+03
3.240177109096023742e+03
2.877249308980363367e+03
3.889890679213953035e+02
3.383489052081110003e+03
6.830662304094871615e+02
2.587979202726762196e+03
3.304277236999294928e+03
3.386625876566609804e+03
3.473127435236018300e+03
2.427645226168774570e+03
8.002472490764266695e+02
2.846196105861361957e+03
4.060082882242145956e+02
3.242006617669082971e+03
3.406213492509246407e+03
3.359975209632620590e+03
1.040685444552247645e+03
1.964745035584645848e+03
3.301157767694804534e+03
3.453016315940331424e+03
3.313465382285410669e+03
3.287216711878332262e+03
1.714012421176092175e+03
2.550308409140619119e+02
8.967748756044419451e+02
3.609265805660509614e+03
3.404444517983542028e+03
1.759121188641415984e+03
9.688266005252442028e+02
3.296159102781850834e+03
2.300551600044620500e+03
7.960558661389043209e+02
2.228173936428875550e+03
9.998671883735948995e+02
3.245662890070955200e+03
9.898264418375280229e+02
2.166729036095792708e+03
5.196673361924142682e+02
2.702567298116875008e+03
3.315133585012243657e+03
3.554659777873659550e+03
3.353012564631687383e+03
3.313332497019052425e+03
3.484897264519911914e+03
1.277126531684586553e+03
2.008349133693573549e+03
3.181904662083924904e+03
1.356935841062632562e+03
1.929363002256633763e+03
2.272472031030621110e+03
9.846269884921972562e+02
3.408743741286500153e+03
2.474518725118894508e+03
6.060897156086772384e+02
3.265714241258531274e+03
3.409767631003173847e+03
3.219273138919391840e+03
5.337220237674125656e+02
2.054856112942697564e+03
7.707638998110895727e+02
2.597514971456698163e+02
1.787707268583887753e+03
7.677456601010810573e+02
2.079565033526837396e+02
1.888171916849053105e+03
3.355734473519763014e+03
1.254460995116923868e+03
2.004421553934341773e+03
1.432599725479403041e+01
1.499767446593086504e+02
1.050150727958400942e+01
1.693264227726276872e+01
1.636334257493831856e+01
7.436609063917843514e+02
1.546994037160224707e+03
3.551126484246350628e+03
3.394146370328337071e+03
2.333938027965346464e+03
1.039284267508730181e+03
3.074130103396219624e+02
1.953764279440712698e+03
7.450796736353921688e+02
1.041763711689014372e+03
2.184868923253918638e+03
2.032817851074069893e+02
2.989856158822551151e+03
3.264703533224000239e+03
3.520509843896915299e+03
1.454544521270533551e+03
1.732678987815417941e+03
2.160798496014951979e+03
1.001962867148693363e+03
3.652823420056135092e+03
3.639873863698862351e+03
1.625501132515163079e+02
2.540172645358055433e+03
5.303349749695761375e+02
2.320336713616195539e+03
8.136062227424480398e+02
3.222401702139600729e+03
1.852248832258226514e+02
2.607891141920415521e+03
2.347462061172749372e+02
8.429645695250475228e+02
1.737426886858088210e+03
5.030557747214539290e+02
3.313278722196122544e+03
3.376624592019376905e+03
1.196608366541066886e+02
3.249317139468533696e+03
3.429515125419360629e+03
6.255718663129883339e+01
3.519462124845594644e+03
4.379512037313458563e+02
2.585071881470146877e+02
1.695691430685272110e+02
1.920766769060339584e+03
1.192177599991202754e+02
3.279772410036479755e+02
9.423854665057156126e+02
1.721990965006274621e+02
1.526398736428152745e+02
3.519356327388695149e+02
2.761947663905683115e+01
1.937497662610777525e+02
1.597239976351635050e+03
3.576950825910284379e+02
1.762316565266056898e+02
1.165278804614325381e+01
1.164815216676135989e+01
9.815029846350360003e+02
2.045540759246378684e+03
2.920837702198739407e+03
1.365727052315232299e+02
1.482069509156643790e+02
3.428295940445258111e+03
1.178229100279353361e+02
1.287469906518837206e+03
1.619548855347795552e+03
3.332676943168343769e+03
3.471788825363926662e+03
3.573465138033935546e+03
1.696054003648251864e+03
1.667432829527421063e+03
3.488582757296855107e+03
3.495929560075910558e+03
3.414869390669572113e+03
3.490472327795827368e+03
3.614405217178296880e+03
3.511670043119266666e+03
2.039013769819950539e+03
1.276646482260264065e+03
3.281099930121352827e+03
3.383546282095411698e+03
3.066831276060557684e+03
3.335612362548463807e+03
3.356053937162883358e+03
3.293161624866942020e+03
3.316181775037352963e+03
3.412875039636314796e+03
3.000970478974658818e+03
2.438585377438502917e+02
3.407835504164488157e+03
3.641436393759884140e+03
3.524426089071439947e+03
3.226307579357394388e+03
1.737530168586304171e+02
1.364255689050374485e+03
1.403472504669927275e+03
3.535943348853742464e+03
3.470523462002329779e+03
3.446825224675410482e+03
3.547750683391401708e+03
3.391123570943829691e+03
3.435364677197040692e+03
2.608101977486110627e+03
4.362065890796691292e+02
3.445207917185975475e+03
3.562882560312635178e+03
3.398136421198550579e+03
2.409152784851180513e+03
6.391812129582685884e+02
3.426953860582453672e+03
3.476750964463498804e+03
3.358722874122192025e+03
3.394321198677413577e+03
3.489176253190604257e+03
3.619673956282982090e+03
3.591932073616719208e+03
3.533735667972588089e+03
3.635408894639390837e+03
3.484397743135696601e+03
3.690186136083203110e+03
3.537178657078129618e+03
3.370370887577701524e+03
3.650947052478620662e+03
3.574872276791492368e+03
1.883882538067343262e+02
3.124781383381532578e+03
3.461093326847249955e+03
3.422070369700931678e+03
3.528311490970035265e+03
3.511772220175740131e+03
3.624497348895710275e+03
3.511825680196715439e+03
3.652189630354298970e+03
3.448516830289404425e+03
3.246712328740639805e+03
3.475536094835758831e+03
3.543074462728207891e+03
3.597706380807776441e+03
3.418650285687954238e+03
3.510399974639267839e+03
3.444871218703582144e+03
3.426971019389830417e+03
3.517743657925661864e+03
3.413675012764530948e+03
3.664458784726027716e+03
3.415709313587204178e+03
3.602631775582621231e+03
3.410559434987928853e+03
3.395356886362642854e+03
3.485073358296777769e+03
3.473411075045041343e+03
3.571358115798295330e+03
3.497822227919286888e+03
3.505558132268558438e+03
3.539065362659446691e+03
3.496638062104043456e+03
3.455156080064105936e+03
3.605246690866280460e+03
3.561972410822187157e+03
3.517207615687458201e+03
3.259685423466459724e+03
3.609091201541054033e+03
3.659787272280348589e+03
3.643204083126573096e+03
3.470489586637224875e+03
3.609795328452375543e+03
3.326173337842417823e+03
3.223756297322568116e+03
3.330761629344396624e+03
3.457573805571075354e+03
3.442355307091029772e+03
3.454242503619908348e+03
3.293678154666381943e+03
3.483908747500492609e+03
3.581447940939347518e+03
3.506616622466172885e+03
3.541663373394612336e+03
3.485412857207384604e+03
3.520487540675137097e+03
3.493789912422372709e+03
3.617309177214858209e+03
3.663783644979703240e+03
3.544152745761669848e+03
3.660352141924896387e+03
3.597972533888059388e+03
3.694239504054466124e+03
3.618320984854995004e+03
3.392916175439218932e+03
3.438220043110796269e+03
3.225143643693349986e+03
3.224608190206515246e+03
3.261972914670147475e+03
3.840384376908194099e+03
3.686900750092535418e+03
3.524574960124617064e+03
3.609810460312561190e+03
3.622876686126926870e+03
3.417294889871026044e+03
2.012896036858292064e+02
2.523888097803838946e+02
6.669172824542201852e+02
1.974889510635394117e+03
3.745135752432573099e+03
3.539265590016382703e+03
3.701923541129110617e+03
3.720342719759233205e+03
3.589899103726230351e+03
3.642011190052982329e+03
3.430291859611787913e+03
3.703196605240906592e+03
3.680774462636081353e+03
3.522484475829521216e+03
3.660413443078306045e+03
3.044319093012100893e+03
1.243798301435899702e+02
3.309444002577522042e+03
3.584487148951211566e+03
3.673971521275826035e+03
3.614176905078623349e+03
3.425769776750644724e+03
3.664119150097541024e+03
3.568693898799695035e+03
3.738918761461690337e+03
3.657273171787468527e+03
3.555336813055423136e+03
3.770698728520317218e+03
3.800953668822598047e+03
3.778725526629233627e+03
3.547651504188546369e+03
3.648176349965072859e+03
3.621730507049113385e+03
3.786726586489182864e+03
3.686092989950445826e+03
3.568872118196440624e+03
3.674350797490552850e+03
3.638221087793368952e+03
3.785627674511870737e+03
3.752594984153564383e+03
3.759289776639898264e+03
3.754882942017712139e+03
3.631614806518884052e+03
3.641526495453952521e+03
3.712982257268409739e+03
