3.085238273680504335e+02
3.434173142495629349e+02
3.095018591223123963e+02
7.238627377421365736e+02
3.973062988815241852e+02
1.555416999886674390e+01
3.756142486214078957e+01
1.427463797695562846e+02
2.242076707043597708e+02
2.616629602613070915e+02
1.940442556126664044e+02
1.735075311829545512e+02
4.628811194020148037e+02
3.799998252040942361e+02
2.771946747628084040e+02
2.458062446336309108e+02
2.863819475362878961e+02
2.491925910543954217e+02
1.780152086320419471e+02
1.203445302125712324e+00
2.806044794814998156e+01
2.633134825812924191e+02
2.921395323120931948e+02
