-1.567972677533856256e+02
-3.990922806319309757e+02
-3.461493649660919800e+02
-2.251537799067362755e+02
-2.805254860667832872e+02
-2.998873554387576519e+02
-3.393421968792318353e+02
-2.131759671660302899e+02
-2.327708770104953544e+02
-3.498939743668140636e+02
-2.875592132542723789e+02
-2.748405735895192947e+02
-2.229260267427386282e+02
-2.920856213700582771e+02
-3.877042820363127476e+02
-3.767175177654961544e+02
-1.384104601060659263e+02
-3.915147396470267154e+02
-1.977170828284091613e+02
-2.495867819437798403e+02
-2.429726300308500129e+02
-1.884493653203051053e+02
-2.730122563999318004e+02
-2.514542356980320221e+02
-2.710859405955139323e+02
-2.393153907646061214e+02
-3.372646985882627746e+02
-2.640135687411510617e+02
-2.560343826084734360e+02
-3.278494216435107660e+02
-2.703877726421500256e+02
-2.376801445545517595e+02
-2.185207273696318282e+02
-3.175520875403162790e+02
-3.543314108312912367e+02
-3.966482949311705966e+02
-4.510101347940982350e+02
-4.987437167140269025e+02
-3.944013507458150229e+02
-2.840084495450999498e+02
-4.016610795356777430e+02
-2.935494624819364162e+02
-4.184044267696729094e+02
-4.551534212416026435e+02
-2.452413893870171364e+02
-2.296516755783992210e+02
-2.497668803627547618e+02
-3.176876562240308317e+02
-2.974973326409530614e+02
-2.336328445619400327e+02
-2.724865994897478458e+02
-2.995795069267625763e+02
-2.386803311146752549e+02
-2.814401279311651933e+02
-1.426925161381092551e+02
-3.861370476820670206e+02
-2.180771806050684347e+02
-2.383201754596727540e+02
-2.853330338853999137e+02
-3.680729679617159604e+02
-2.580708533151722008e+02
-2.925806992059610820e+02
-3.793025521304879248e+02
-3.550506777967087828e+02
-1.744227023314096812e+02
-3.733598576701000979e+02
-3.126325676972531369e+02
-2.215189395885134900e+02
-3.574085637232691397e+02
-1.742586123827894369e+02
-2.868030521676684543e+02
-3.906735197553413741e+02
-3.501206379417719745e+02
-3.712780171220343846e+02
-2.560546483359424883e+02
-4.511504936833239867e+02
-3.584805843255177251e+02
-3.438486715281443367e+02
-1.787373908070884170e+02
-2.783702298016616510e+02
-2.883084019457942304e+02
-2.295317960110771196e+02
-4.124191675013334475e+02
-2.980989497035570821e+02
-1.438306957617831756e+02
-2.133449162220405526e+02
-1.995978400591073125e+02
-2.154455605504302582e+02
-2.731015444055462353e+02
-2.220383506466473023e+02
-3.210056352971139972e+02
-1.831657104196761736e+02
-3.851321402942757572e+02
-2.551026088079715066e+02
-3.947001923218950310e+02
-2.193177620001387993e+02
-2.071671779258667243e+02
-2.475377531791186527e+02
-2.087385618258674356e+02
-2.801103996919183032e+02
-2.609258404450883972e+02
-1.549496856220958136e+02
-4.032559990554383944e+02
-2.251712579226318383e+02
-2.309775095886223824e+02
-2.543053633925447059e+02
-2.404639365787286920e+02
-2.125872565357156248e+02
-3.035167733055538406e+02
-1.822019394686620046e+02
-3.830871626347071697e+02
-2.868547124715378231e+02
-3.372731761021036618e+02
-2.455243002917161448e+02
-3.806395036334416204e+02
-2.634579514835849636e+02
-2.262112714982177977e+02
-1.906727152392967923e+02
-3.098216209292343706e+02
-3.340340544071750628e+02
-3.247717161060703575e+02
-4.167524233115563561e+02
-2.467513130530376202e+02
-2.084012190195711582e+02
-3.853228846031282160e+02
-2.077263289652987339e+02
-3.073385137339454332e+02
-1.522450427031442928e+02
-3.225006803130522712e+02
-2.451658265724836667e+02
-2.300553914438855543e+02
-3.133365508054081374e+02
-2.966810585875782635e+02
-2.427877246722615894e+02
-3.993129372935064225e+02
-1.925714261002736407e+02
-2.281376029113612844e+02
-3.309335018337879433e+02
-2.565649117196462043e+02
-2.695210655536697004e+02
-2.369692742724835455e+02
-1.271826803117772897e+02
-2.904231718186754847e+02
-3.451730676077802968e+02
-1.763396216985991032e+02
-3.278424888078525896e+02
-3.669517363279084634e+02
-5.301611689898215900e+02
-3.122607707464738951e+02
-2.803719887039670198e+02
-2.736955989993340950e+02
-2.637694354410335222e+02
-2.359942633650852031e+02
-1.958366027176265618e+02
-2.463696014914679040e+02
-2.967065215792530921e+02
-2.244127593313269813e+02
-3.664392264562322339e+02
-2.791324072443413229e+02
-2.962141921819892900e+02
-2.740569956642398211e+02
-3.553396280278145127e+02
-3.074646566326041466e+02
-2.456111946250798610e+02
-2.292771574040590394e+02
-1.258513600770315719e+02
-3.608102886738360553e+02
-3.562176813605065036e+02
-2.798857721655252817e+02
-2.948534048849618330e+02
-2.128726032726403616e+02
-2.563656991458934726e+02
-2.312242036681006141e+02
-4.002811713718832607e+02
-1.985486758163067122e+02
-4.750044746342291546e+02
-5.242970253713439206e+02
-2.884770935043829923e+02
-2.386073049441918101e+02
-2.970126981293781228e+02
-2.294688365428989698e+02
-3.037800001504439251e+02
-3.070723352092054483e+02
-2.466312101500520271e+02
-1.764916892184791664e+02
-4.915443877643232895e+02
-3.525080473404436248e+02
-3.071052110153401031e+02
-3.778574307643739303e+02
-2.991627995494504262e+02
-2.654317639896236187e+02
-3.096938592343867640e+02
-4.663448076412421983e+02
-2.995056511341314831e+02
-3.546139876018112318e+02
-1.885360401555910812e+02
-2.636767227594319252e+02
-2.654190876656608680e+02
-2.650621634774309996e+02
-1.768153586163678597e+02
-2.705740395845934927e+02
-2.477516591481315515e+02
-2.120472887403352047e+02
-3.300395418792447231e+02
-2.061279814003681849e+02
-3.615615388834634132e+02
-2.383180408709112328e+02
-3.278984261378743668e+02
-2.697510403630611222e+02
-4.514425256994333040e+02
-3.747090547206656765e+02
-2.691407944391153819e+02
-4.458626292157373996e+02
-3.609849150935631883e+02
-3.718791414248410661e+02
-1.355849773394149622e+02
-2.107770761854552006e+02
-3.557276533214621281e+02
-2.330090407170904712e+02
-3.103071191984970483e+02
-3.515973380029502664e+02
-2.545005659705809649e+02
-2.500018439984479812e+02
-2.888643812365024814e+02
-3.665067752201046574e+02
-1.717128962746412810e+02
-2.927007717044284050e+02
-3.737028318895178245e+02
-1.972517298805290125e+02
-1.932818201236413245e+02
-3.563745327046813713e+02
-3.647253119330541153e+02
-2.927993444653421307e+02
-2.468177119301585094e+02
-1.184521712438132965e+02
-3.050105314236104732e+02
-3.170840061370304852e+02
-3.032925888156474912e+02
-2.085806093085463431e+02
-4.093409727290273281e+02
-3.743435530779888722e+02
-2.872498531716890398e+02
-2.447966322899191596e+02
-2.000220400525043942e+02
-2.940453415018819214e+02
-2.094401983392547777e+02
-1.823302780019883187e+02
-2.822160403066345111e+02
-2.929928714755931196e+02
-3.714942962270602038e+02
-3.151123878379404459e+02
-3.383615719191637368e+02
-2.689843020768341830e+02
-2.362573595789874048e+02
-2.594864928221762170e+02
-2.599831621342618746e+02
-3.612113282985966976e+02
-3.895941038051784631e+02
-4.259184854033925944e+02
-4.471264058556932923e+02
-2.909323707804099399e+02
-1.971825629805426559e+02
-2.636953790767517489e+02
-3.693369171510710771e+02
-2.852196988172404417e+02
-1.607194030426423694e+02
-3.329876295766397334e+02
-2.314272150713067617e+02
-3.521284830896231028e+02
-1.312619172490825861e+02
-1.901645317868576797e+02
-1.890087948502217330e+02
-1.855536421247080625e+02
-2.510171341732133499e+02
-2.221222631229725835e+02
-3.830904213427025979e+02
-2.500742324391918032e+02
-2.860005930601598152e+02
-1.210768725960095225e+02
-1.818449041813119891e+02
-2.860291768962352990e+02
-1.367785488781833578e+02
-2.634075623952978731e+02
-2.643323871938385423e+02
-1.692941477907037893e+02
-3.159709113609642372e+02
-1.255703707017979127e+02
-2.638120568902191962e+02
-3.359654639060587442e+02
-3.252924084700481444e+02
-2.439229145071509492e+02
-1.876678785783858245e+02
-3.364543908956621863e+02
-2.011144077864825874e+02
-2.202083249535120046e+02
-1.803202665229760271e+02
-2.191750867252343937e+02
-2.603187064532152135e+02
-3.896646818687652853e+02
-3.800644127193925215e+02
-2.050356899395964092e+02
-2.550777212747578346e+02
-1.997982544921317469e+02
-1.987944379826267607e+02
-3.940830099874622192e+02
-3.941862125413886702e+02
-2.675872978810144787e+02
-3.138590355354383519e+02
-2.699609252184542925e+02
-3.325530077803451832e+02
-2.110489819111496672e+02
-2.555871182897357698e+02
-1.257974802916423869e+02
-4.186483075479604850e+02
-1.410601519677622662e+02
-3.363955061300551392e+02
-3.450685517737254031e+02
-4.104412211935800201e+02
-2.361945910676978144e+02
-1.195804783946693846e+02
-2.268623383228845967e+02
-2.192488684539175097e+02
-4.498697146272763234e+02
-2.982812147551678095e+02
-2.967407885422194340e+02
-3.506794859290972681e+02
-2.170126941313760653e+02
-2.039166741570435306e+02
-2.792115192766087830e+02
-2.212046028333495258e+02
-2.848888781681980049e+02
-2.869414509563980005e+02
-3.185961760697877025e+02
-2.312843601252745316e+02
-3.955599054724056600e+02
-2.774965570289144239e+02
-3.107454711860782481e+02
-3.101968586460723714e+02
-2.825934096245534874e+02
-2.614627704515033315e+02
-3.033116139378496996e+02
-1.953959415638785799e+02
-3.854576997333462032e+02
-2.657555699001528069e+02
-4.333233195385156478e+01
-2.369947654634616470e+02
-3.645035785125255643e+02
-3.176258907917435863e+02
-2.714604484806916957e+02
-1.968199833974082935e+02
-2.495555150623588929e+02
-3.766703636524588319e+02
-1.677432786507906428e+02
-3.262163728434570089e+02
-1.774196269285313576e+02
-3.412601980215919184e+02
-2.378404019834812004e+02
-2.734825664963536838e+02
-2.916704184274506702e+02
-3.169460521576080509e+02
-2.584964891940776965e+02
-1.508888894742218838e+02
-3.020019620809046614e+02
-4.523965674964717323e+02
-2.211328113655884522e+02
-2.985580548349992682e+02
-1.879607993857354131e+02
-3.737258793224050351e+02
-3.238129075997599102e+02
-2.783539979574941299e+02
-3.273090314529535476e+02
-3.304611087552111144e+02
-3.341848710237628097e+02
-2.503915658077421540e+02
-2.933108320828840192e+02
-3.084481926997652863e+02
-3.838546578000665477e+02
-1.739859415504595574e+02
-1.657491709889065419e+02
-2.044412313235383181e+02
-2.360737897291560898e+02
-3.400838701568132478e+02
-2.414537581026934561e+02
-2.781347262790586115e+02
-3.506826602855688293e+02
-2.724695371342724002e+02
-3.263491695329105369e+02
-2.706113977497620340e+02
-2.652781008030695489e+02
-2.588079130680962976e+02
-4.322705511284073054e+02
-2.404116681425927027e+02
-4.258966707239206926e+02
-3.046001822836325914e+02
-2.553358906967158362e+02
-2.481753025648958442e+02
-3.402728558998144877e+02
-2.337341757327664311e+02
-2.655751249371094787e+02
-1.600986041042606018e+02
-2.347569055396186855e+02
-3.704853830233338954e+02
-3.661854842907014245e+02
-3.102893012372683756e+02
-2.489699205689348673e+02
-2.777802894823110478e+02
-1.957835879282552014e+02
-4.054904111788475234e+02
-2.700763162818132059e+02
-3.772298038463777061e+02
-3.962230989197875033e+02
-2.541076367290460496e+02
-2.286129263383877230e+02
-2.251871746797226876e+02
-2.003961722024264134e+02
-2.776601818819970617e+02
-2.713876218135137037e+02
-2.129850720084540114e+02
-2.224438033617661006e+02
-2.389976654672439338e+02
-3.106747577639847577e+02
-2.260632951335758776e+02
-2.036455100978732276e+02
-4.129115115621268615e+02
-2.902866978968121998e+02
-2.329101056509095429e+02
-2.253663148437070447e+02
-3.002328448214397554e+02
-2.913893117829670132e+02
-2.415331530354794438e+02
-1.651653815165715855e+02
-2.027464060603850839e+02
-4.493826616454346095e+02
-2.218938824699726524e+02
-4.086858698985730598e+02
-2.208941198749439536e+02
-3.241355513907428758e+02
-3.472883627798256612e+02
-3.651046339204106062e+02
-2.780609717658834370e+02
-1.987351564007794025e+02
-2.310764540929188229e+02
-2.425618794277075665e+02
-2.967571178099047984e+02
-3.246358862840231154e+02
-1.808599720110303508e+02
-3.637399244909194636e+02
-2.511537919102346450e+02
-1.271150093267678614e+02
-2.296443024223846123e+02
-3.144084474058401497e+02
-3.281623661293483565e+02
-3.019656479592970868e+02
-4.071708656775400641e+02
-2.136492862151664269e+02
-9.841408571180943454e+01
-3.031395741838800291e+02
-1.608491074223946100e+02
-3.639022264096995514e+02
-3.171002140950419061e+02
-2.279464141364621241e+02
-3.615685045950060612e+02
-2.214651267218069677e+02
-2.544140715956238523e+02
-3.474713819223293285e+02
-2.956730274033507158e+02
-2.395942291851255845e+02
-3.769393547313951558e+02
-3.053911785722009427e+02
-2.515468801275106046e+02
-3.572012638091023291e+02
-2.516931636215839490e+02
-2.021929894075181835e+02
-2.720482804436624065e+02
-2.768321498065917012e+02
-3.415430391088282249e+02
-2.908852244198185986e+02
-4.363113836649491759e+02
-3.944953920809045371e+02
-4.080761674393234557e+02
-2.599364794013071673e+02
-1.481893357733310097e+02
-2.357086721019715583e+02
-3.105964667144818918e+02
-2.974845446490598988e+02
-4.492137235631529393e+02
-3.345294312769140674e+02
-2.779942484644172964e+02
-3.460698161747390031e+02
-1.450526724572800106e+02
-2.960384908988608572e+02
-3.309857815865341877e+02
-1.275311522867660017e+02
-3.347022255159351971e+02
-1.840630364054120207e+02
-1.980507994213753307e+02
-3.160090310469360020e+02
-2.909997121642168736e+02
-1.905984612966264535e+02
-4.213238053889830326e+02
-3.059946825755205282e+02
-3.444085970721598642e+02
-2.676797789998707913e+02
-2.034329362057186188e+02
-2.032757665859828649e+02
-3.455434923575416519e+02
-2.666089460194241383e+02
-9.872651335719363885e+01
-2.693716236911287183e+02
-2.574007390576352350e+02
-2.523128850538898860e+02
-1.863256690888469223e+02
-2.251380439199714374e+02
-3.157491473812480081e+02
-2.443981822328216822e+02
-3.660438773637353052e+02
-3.656406516767747235e+02
-2.705224289265481730e+02
-2.865892160567148608e+02
-2.747584964213988314e+02
-2.468155021099911437e+02
-2.570336385767157026e+02
-2.967459120711290552e+02
-2.531360320386127682e+02
-4.483813152591068842e+02
-4.364491664373520621e+02
-3.141775440839300586e+02
-2.468285670632884035e+02
-1.644348936504647156e+02
-1.710325394559179415e+02
-3.592054176179705678e+02
-2.585750293706266234e+02
-2.661979551142130163e+02
-3.220162277867402736e+02
-2.604727665002341155e+02
-2.462748358145384771e+02
-3.915618310840081335e+02
-3.841152601483036619e+02
-3.659864361784711377e+02
-2.502725462269251864e+02
-1.472651973402658996e+02
-2.796266712949555426e+02
-2.667742581007800027e+02
-1.833445139022100534e+02
-2.232920557572585381e+02
-2.939800098784763804e+02
-3.728337567824773373e+02
-3.516401152066093232e+02
-3.333460303240671010e+02
-2.847785007389194334e+02
-2.695869915574556330e+02
-2.365908108697186947e+02
-2.301846333271927278e+02
-1.847810941875089839e+02
-3.737094609793393261e+02
-1.820743543019896720e+02
-2.879522334954025382e+02
-2.249902301577554624e+02
-2.727806445353301683e+02
-2.147149971708991814e+02
-2.410911423714078410e+02
-2.974943268536915184e+02
-2.568027762012503672e+02
-3.637073066716299650e+02
-2.380162513492685719e+02
-3.100580676778948259e+02
-1.958925840137399348e+02
-2.311510662447478239e+02
-2.128536148128249295e+02
-2.604421253145973196e+02
-2.253121196527285974e+02
-2.938795423799233504e+02
-4.165306277326037616e+02
-3.256835967382598938e+02
-3.541675769483034628e+02
-2.332624922838552664e+02
-2.375446384134543223e+02
-4.201557803025208955e+02
-4.027268072927062690e+02
-3.188748213622422440e+02
-3.232845740104738184e+02
-4.175114779621911794e+02
-2.695765538821021892e+02
-3.507178563180543733e+02
-2.804849653222747179e+02
-3.866132367261167815e+02
-4.155045106465647109e+02
-2.482425186557023835e+02
-3.058917020623690064e+02
-2.621116056174696496e+02
-2.526555526145163810e+02
-3.036399893299288806e+02
-4.354534562711714898e+02
-2.681436089413430750e+02
-4.952103909678901914e+02
-2.580952183129498394e+02
-3.105601258783021876e+02
-4.571460887312118757e+02
-2.299765340764328414e+02
-2.918129024263130873e+02
-3.187332566607086619e+02
-2.596267934281944463e+02
-3.715654523961655400e+02
-3.005012994242687228e+02
-2.184521269643443304e+02
-2.660456877349187153e+02
-1.967731802611697844e+02
-3.292448580555644639e+02
-2.551899499494894883e+02
-3.507618679279979688e+02
-3.180407960327800652e+02
-2.773959297283558953e+02
-1.992012101442572600e+02
-2.697627093328156320e+02
-3.239847438168604867e+02
-4.338630149559808729e+02
-2.254346582404982371e+02
-4.142347058342020318e+02
-3.524551521584796774e+02
-2.157064797450684352e+02
-3.983722780318279320e+02
-3.122971165830159066e+02
-3.118573817607251613e+02
-2.939164921705716438e+02
-3.239792062347264618e+02
-2.316439987416069926e+02
-2.262299640674285399e+02
-3.276190389252767545e+02
-2.623613893598271716e+02
-2.430138067176570473e+02
-2.733753196338677753e+02
-3.366314733731718434e+02
-2.759368327732271382e+02
-3.826178715510186521e+02
-1.730506539759882401e+02
-2.968409257270880630e+02
-3.905821743990811115e+02
-4.310111293526853729e+02
-2.525353117473416944e+02
-2.583125402094255492e+02
-3.516119230654783223e+02
-2.910361334766444088e+02
-2.238244318533854198e+02
-1.333797095591614550e+02
-1.963278859629550652e+02
-4.132866906570974379e+02
-2.668423501795185189e+02
-1.401115160565488793e+02
-2.175143462350493735e+02
-2.219393365278825456e+02
-3.591338211788225294e+02
-1.771226493287329333e+02
-3.036302862178600890e+02
-2.921175444351309807e+02
-2.289090349508570057e+02
-2.875683600598876524e+02
-4.239531068859287757e+02
-2.223523283008384794e+02
-2.226312152798470265e+02
-2.162616763035442773e+02
-2.020866460758110463e+02
-2.651747729949075278e+02
-2.351649049726201781e+02
-2.466433763923028266e+02
-2.199951847468423693e+02
-2.493018431674602482e+02
-2.312856767748348545e+02
-3.115183205475420891e+02
-2.854555070400265890e+02
-2.768641319197566872e+02
-2.795286220736396672e+02
-2.912144496291426776e+02
-3.236475302698620453e+02
-4.442366596088388633e+02
-2.655895791558618839e+02
-1.656399065206716443e+02
-2.604441665182200154e+02
-2.910153163093151534e+02
-2.041636600908121579e+02
-2.747449926215638243e+02
-5.189149168680928170e+01
-1.753241588844409193e+02
-3.016826574085752100e+02
-2.914566101623565260e+02
-2.717631333543029086e+02
-2.132695614924157326e+02
-2.361609667124462248e+02
-3.174234749940746951e+02
-3.568326859326797376e+02
-2.150322601197383960e+02
-2.819737169324195065e+02
-2.733915127116297299e+02
-1.979471217789147204e+02
-2.368478194935641739e+02
-3.203519802481741863e+02
-2.618046756682213072e+02
-3.649668815945755682e+02
-3.120130593106037509e+02
-5.334093841806512728e+02
-2.956840913036641041e+02
-2.077397394642224242e+02
-2.989391268124708745e+02
-3.176856667420645408e+02
-4.193468684539067226e+02
-2.710719062450049250e+02
-2.307854387476077989e+02
-3.506256513276385931e+02
-2.140448559821012395e+02
-3.073004543037156395e+02
-1.882084988775287400e+02
-2.961564289018780300e+02
-2.587211739985013423e+02
-3.211986428718325328e+02
-1.820740244037999673e+02
-3.977828627163915485e+02
-2.398998081381209033e+02
-2.748537333848307753e+02
-2.653290100695067508e+02
-3.816908261594669511e+02
-3.556760665619694350e+02
-4.878203482652081675e+02
-4.591956417354567748e+02
-2.942731233745406598e+02
-3.364364601035634337e+02
-3.200859609733261095e+02
-1.840282289550649466e+02
-4.444830277602002866e+02
-2.478210779933510821e+02
-3.290935785968391087e+02
-1.640530554641974561e+02
-1.954725071607959421e+02
-3.023592244596488854e+02
-3.839257368537338380e+02
-3.816740303296883781e+02
-3.893584112924556848e+02
-2.207742868090691672e+02
-4.471527947631252005e+02
-3.499410577682799044e+02
-2.499013246422833276e+02
-3.982795321228178409e+02
-3.245472851447385096e+02
-3.226542320929075345e+02
-2.071689792789606770e+02
-2.426749039903007770e+02
-1.880688172233279829e+02
-3.568202056862264158e+02
-3.875395348461000253e+02
-4.211264364404099751e+02
-2.745450430629972516e+02
-3.779075464313642669e+02
-2.455721117096907733e+02
-3.343372289073344064e+02
-1.990862233812037800e+02
-4.331166338408982028e+02
-3.829116535449617800e+02
-3.780147089405999168e+02
-4.447864501345841859e+02
-3.668088424901977760e+02
-2.597764533826003799e+02
-4.311311436510324597e+02
-1.362454164952070812e+02
-1.830058603728097637e+02
-3.597453569931793140e+02
-2.816253902267524722e+02
-3.279981186917783589e+02
-3.067055447116190408e+02
-3.055810045969490716e+02
-3.797493100856796104e+02
-2.767435344839299205e+02
-3.311986155455662697e+02
-2.253668309754989991e+02
-4.804108699903924276e+02
-1.064359692299681086e+02
-3.645244306527864637e+02
-2.652782042046936226e+02
-1.815296533170283624e+02
-3.803929515497594025e+02
-2.039901966428192281e+02
-2.113628320384231642e+02
-2.315687679509559018e+02
-2.170946316654130328e+02
-1.975645225301831829e+02
-3.020280363914501436e+02
-3.866296983123036171e+02
-2.944492827196492044e+02
-3.024132871712762949e+02
-2.190484152177328667e+02
-3.075012323856034300e+02
-3.239528426565912582e+02
-3.020279694340298988e+02
-2.580828475128276409e+02
-1.925541168096116849e+02
-4.147739410910430138e+02
-2.578636707315124568e+02
-2.405434535700564425e+02
-2.436096673631553244e+02
-3.173243284326341609e+02
-1.833360581936018718e+02
-3.547514188584856925e+02
-3.125023123555215534e+02
-2.329172081485290846e+02
-1.956726772279574789e+02
-2.590798163673877070e+02
-3.537075295633207475e+02
-2.438606785570641193e+02
-2.572526694542544305e+02
-2.580526207788331590e+02
-1.750436043882364459e+02
-4.554188307131720990e+02
-3.959483022692237455e+02
-2.337695621915256652e+02
-2.649428300337611404e+02
-2.962502993535049427e+02
-2.331429844311450381e+02
-1.520453773146705032e+02
-2.289725010444808504e+02
-2.819364637633353823e+02
-1.933327498454096087e+02
-2.829750668643074505e+02
-2.337187270941311397e+02
-1.951679428159341114e+02
-3.146375033238386436e+02
-2.435013012735417419e+02
-2.661505842567483455e+02
-4.255528534560565390e+02
-3.379448440336452109e+02
-1.871062492757423570e+02
-2.058546275340665943e+02
-2.250459891674721291e+02
-4.447297220869656940e+02
-2.976949276798342225e+02
-2.520312026352384294e+02
-2.172624610967688170e+02
-2.659257147577860110e+02
-2.320878727857130457e+02
-3.883129847645227528e+02
-8.613398085232864787e+01
-2.624312549551650022e+02
-2.009824872819887958e+02
-3.623566830929051434e+02
-2.232792839672034972e+02
-4.096468294822224721e+02
-3.727079650666912585e+02
-3.174039791944240960e+02
-2.719673544477184919e+02
-3.419407108917758933e+02
-4.023037884662647343e+02
-2.456281273665481706e+02
-2.281355390105136109e+02
-4.407105136379343548e+02
-3.117279012606784363e+02
-2.127154496536706461e+02
-2.001945489966496439e+02
-2.207675275281740710e+02
-1.284592379922593750e+02
-2.672237995855016948e+02
-4.458527210781372787e+02
-3.049625370421201183e+02
-2.863617527834118732e+02
-3.147323357433077149e+02
-2.410224326184387564e+02
-4.666393022748335397e+02
-2.931866830641705519e+02
-3.344225012295442525e+02
-2.037717866379360032e+02
-3.647480476082781138e+02
-3.277809119890824832e+02
-2.048593539370011172e+02
-2.012771578772474754e+02
-4.221363371160044267e+02
-2.286254082267512331e+02
-1.864519086017174914e+02
-2.752177290003613734e+02
-4.563774772770699428e+02
-3.186649573281293897e+02
-2.016377058008144445e+02
-3.491310111858019241e+02
-3.286497064021384062e+02
-2.296275065681777221e+02
-2.767469326984142981e+02
-3.350920179567164610e+02
-4.629256036868121669e+02
-2.665870108650173052e+02
-1.050356005389277954e+02
-2.105828311886894539e+02
-2.705668536004607745e+02
-2.705771314994221939e+02
-1.903827527840729772e+02
-3.605458065605325828e+02
-1.189662584539195365e+02
-2.809979462106307437e+02
-2.956509991028287345e+02
-3.806919346361560770e+02
-3.470484351855871523e+02
-3.982542241493578672e+02
-4.062591082313455786e+02
-2.158554935497004408e+02
-3.400974775959868452e+02
-4.080412167178513982e+02
-2.812749565008571722e+02
-1.931030937245322434e+02
-2.654362413738185751e+02
-2.673401485802910997e+02
-3.491276169940908858e+02
-4.177416567402395344e+02
-3.520450767529517861e+02
-3.432155592258648085e+02
-3.850973452611257812e+02
-2.548975981963355366e+02
-3.068885700733856083e+02
-3.284046023700082628e+02
-1.605392887692604518e+02
-1.898309540849194548e+02
-2.258199742252019178e+02
-1.994095346778759961e+02
-2.610469757718430515e+02
-4.301527793160915394e+02
-4.314772269972070831e+02
-3.026079796423748007e+02
-3.147064545198796850e+02
-1.985580570679807408e+02
-2.453626092052850822e+02
-2.149529564732163180e+02
-3.640950720509839016e+02
-4.511717959385666745e+02
-2.409121212199719082e+02
-2.659446325591214872e+02
-3.223079921084953412e+02
-4.746626950487100771e+02
-3.550629646193042959e+02
-2.308577244194681839e+02
-2.074361507812920706e+02
-2.425368449793067498e+02
-2.701507945728155846e+02
-3.959250469010953566e+02
-2.505201888331108933e+02
-3.950432863364639502e+02
-3.090483640286910259e+02
-1.905789951320049624e+02
-2.763077785297265905e+02
-3.294739273962913444e+02
-2.281809285587335978e+02
-2.023616326558128833e+02
-3.161333338853586383e+02
-1.850107029291753520e+02
-2.814649357858898497e+02
-2.228665769525967164e+02
-1.988935635845960803e+02
-2.631506880418880883e+02
-3.352732107777476926e+02
-3.622933974769791234e+02
-1.798231852897510805e+02
-2.615373520346966529e+02
-3.271338152787460558e+02
-3.587223564054148710e+02
-1.815301006016945564e+02
-3.685643929240826537e+02
-2.827771830401429156e+02
-2.256733065012543591e+02
-2.001474312523449726e+02
-2.417973223102135307e+02
-2.182842275979605517e+02
-3.934822154408215624e+02
-2.860114099959710074e+02
-3.167926866255280061e+02
-3.503919752418842677e+02
-1.840556232744268641e+02
-2.901987368128047251e+02
-2.248440895949227070e+02
-3.880364394127256560e+02
-1.791905752420079523e+02
-2.029180458467003234e+02
-4.507021349396493406e+02
-2.689707180933843347e+02
-2.473656845544805094e+02
-1.954306427801976724e+02
-2.286071456346551258e+02
-4.033367356835854025e+02
-3.553749894612890898e+02
-1.870036130562926644e+02
-2.954072968712330294e+02
-2.890334645770868747e+02
-2.104772775552816881e+02
-1.351724996035879371e+02
-3.707650132705734904e+02
-3.712401256771779003e+02
-1.813728536368751634e+02
-3.452777664033629890e+02
-2.231857962158927648e+02
-2.943447545802091554e+02
-2.383046153811507963e+02
-2.374279764465316873e+02
-3.533472158266431506e+02
-2.211450380600467156e+02
-3.937204914567448668e+02
-1.958592741688632657e+02
-3.135794793435866836e+02
-2.445324051630769304e+02
-5.300467277956388443e+02
-4.158228681007607861e+02
-1.160589410961707557e+02
-1.819301099447961292e+02
-2.764619072605520955e+02
-2.820684113824267456e+02
-3.287578856676273631e+02
-3.253704285793772328e+02
-1.834131401425460410e+02
-2.930369437766140095e+02
1.833187762990341341e+01
8.263916162561527301e+01
-7.701914720187723162e+01
-4.319380587063092776e+02
4.831623288098320472e+02
2.157177687857453634e+02
4.923187851671904092e+00
1.032771215194894943e+01
1.113664367042355707e+03
-2.370755250564212702e+02
7.635161700531982660e+02
1.303660726575256774e+02
-4.597959288369229824e+01
1.909889004120873892e+02
5.895110558897752071e+02
-2.867480527572575397e+02
9.284492046137656871e+02
1.284525198253584449e+03
1.953454477679412776e+03
2.192428681804265125e+03
2.264428660366859731e+03
2.398597735635141362e+03
2.419782736472093347e+03
2.429118688743587882e+03
2.473477378110117570e+03
2.513959455220364816e+03
2.716383107872571145e+03
2.613934562423793523e+03
2.668803037834128190e+03
2.666690780500424353e+03
2.736461044385242076e+03
2.726383669939874380e+03
2.851726279441132647e+03
2.847457827903911493e+03
2.927552183992610026e+03
3.000471349711281619e+03
2.973951374701459827e+03
3.130206936041740391e+03
3.097754835983280827e+03
3.162745342420215366e+03
3.201537876336004047e+03
3.237439114310679997e+03
3.218180118303792824e+03
3.153931353165009568e+03
3.174256443507106269e+03
3.239035733909013288e+03
3.300373139991732842e+03
3.599135865287410979e+03
3.386361048868813214e+03
3.509672767464530807e+03
3.441943726467998658e+03
3.370157505744532955e+03
3.675898743572799958e+03
3.469739816066723051e+03
3.617347633411161951e+03
3.535259437937565963e+03
3.641930867350881726e+03
3.512696674142727261e+03
3.408526944046481731e+03
3.351749858657096411e+03
3.730394873055471180e+03
3.429216669271380852e+03
3.732431638170554834e+03
3.585943679091745253e+03
3.443226800535996972e+03
3.687102071252502810e+03
3.513000836400561639e+03
3.517014441514816554e+03
3.615485791074475401e+03
3.750500231699662436e+03
3.889591077124556250e+03
3.836716839470684590e+03
3.794418250989395347e+03
3.852324128866663614e+03
3.674575083487487063e+03
3.916713171895901269e+03
3.699142429908451959e+03
3.685029063770648918e+03
3.852754805374181160e+03
3.975015713351937393e+03
3.933604295648129664e+03
4.023607789634849723e+03
3.985551919577337685e+03
3.952186963086327523e+03
3.773616858652411793e+03
3.879249280649014963e+03
4.020774183207741316e+03
4.137150696978851556e+03
4.058340117897821983e+03
3.992278731628300193e+03
4.143343506456257273e+03
4.157415747337498942e+03
3.906565454276250875e+03
4.034576118026581298e+03
3.834717866324006536e+03
3.958673366152173912e+03
4.065778861656937352e+03
4.052588497303687291e+03
4.140208473517813218e+03
4.145093757514424397e+03
4.096002000251114623e+03
4.243199805251454563e+03
4.103732994119040086e+03
4.101288436927327893e+03
4.065210599995953999e+03
4.114761806931202045e+03
4.171708568535837003e+03
4.489949857012702523e+03
3.976329829128852907e+03
4.073150186254818436e+03
4.088250588558920299e+03
4.232199592181062144e+03
4.124660922203630435e+03
4.309234556829434950e+03
4.323611879349844457e+03
4.305458186807510174e+03
4.208645253135312487e+03
4.261768732379427092e+03
4.431718804180889492e+03
4.307459031308384510e+03
4.084532372429360748e+03
4.369927182164560691e+03
4.211081044160518104e+03
4.312289363519830658e+03
4.517581960459115180e+03
4.155973891831873516e+03
3.060566082637950785e+03
4.502228519145091923e+03
4.357993213734211167e+03
4.254286381896983585e+03
4.234685242585198466e+03
4.339530274671166808e+03
4.451941734729780364e+03
4.358566607602443582e+03
4.325114567643689043e+03
4.051084533879309220e+03
4.069416103744598331e+03
4.436993509884923697e+03
4.491955529111970463e+03
4.541260458679688782e+03
4.490866951795504065e+03
4.483349732994739497e+03
4.271744420258433820e+03
4.272074618084673602e+03
4.467148584831495100e+03
4.269832857638995847e+03
4.454211196034215391e+03
4.022247894025065762e+03
4.247589406273216809e+03
4.420478924689708947e+03
4.365293010632873120e+03
4.288585196190728311e+03
4.653281800974344151e+03
4.626075785257342432e+03
4.645965507991954837e+03
4.363554828851569255e+03
4.650257736028062027e+03
4.695349461099857763e+03
4.693032408692300123e+03
4.474307766342301875e+03
4.531591870969472438e+03
4.560288141015429574e+03
4.584124191759281530e+03
4.709447467614609195e+03
4.595108917058150837e+03
4.633328087542609865e+03
4.614739717266363186e+03
4.588423759973446977e+03
4.669003644024525784e+03
4.577385269005327245e+03
1.030412854884565149e+03
4.735053756701009661e+03
4.730464254892902318e+03
4.637282708817685489e+03
4.762675681856788287e+03
4.628521562995999375e+03
4.573741787084023599e+03
4.643504224119880746e+03
2.720280395291208606e+03
4.747280196824362065e+03
4.728191437864093132e+03
4.627750623690472821e+03
4.819919454431302256e+03
4.756326002091150258e+03
4.846292547232608740e+03
4.722806810656938069e+03
4.725168325599506716e+03
4.786545783365483658e+03
4.696339134731989361e+03
4.751729652833926593e+03
4.935603679821192600e+03
4.719168742208099502e+03
4.875103351148441106e+03
4.838946820911112809e+03
5.023569306931326537e+03
4.926852782607819790e+03
4.746715062574508920e+03
4.747719951820820825e+03
4.800799000761209754e+03
4.780140984558642231e+03
4.927774408350651356e+03
4.946805649099960647e+03
4.826451611877520008e+03
4.759284496180689530e+03
4.824590630737081483e+03
4.854879249981852809e+03
4.858494430661513434e+03
4.972722758078659353e+03
4.913708819851037333e+03
4.713733734321711381e+03
4.799468739560768881e+03
5.084216018784372864e+03
4.739247515049362846e+03
4.851634195207104312e+03
4.955021093976844895e+03
4.896376914068686347e+03
5.057688976870999795e+03
4.896828150162916245e+03
4.990522278791069766e+03
4.841919336204079627e+03
5.110791867853125041e+03
4.988011923293051950e+03
5.063486540160764889e+03
5.180219040596206469e+03
4.988946646846293334e+03
5.093680378339978233e+03
4.905861307127145665e+03
5.242539434832278857e+03
5.043776281132506483e+03
5.060763980549852931e+03
5.208809479076729986e+03
5.160300357604294732e+03
5.122002567959695625e+03
5.234932923649355871e+03
5.007363176355057476e+03
5.299533111635833848e+03
5.201116453297167936e+03
5.079047949673865332e+03
5.129385674234743419e+03
5.330987634018791141e+03
5.232079797785798291e+03
5.168980814863963133e+03
5.312399597438925412e+03
5.139893762097862236e+03
5.519748643194326178e+03
5.333311044903271977e+03
5.190144458211234451e+03
5.279173751099468973e+03
5.269712689176796630e+03
5.309412005277340540e+03
5.453604199491704094e+03
5.415755477275240082e+03
5.276545054992705445e+03
5.568526222434266856e+03
5.251755764349406491e+03
5.432448185355983696e+03
5.496551367998328715e+03
5.426827048995823134e+03
5.285405443382625890e+03
5.502321178546709234e+03
5.493549677629473081e+03
5.596935354191838996e+03
5.642136610499830567e+03
5.719230479865567759e+03
5.297290918564413914e+03
5.380985239445055413e+03
5.416445221467083684e+03
5.210938224360149434e+03
5.672537212539963548e+03
5.295224436131304174e+03
5.400195422941590550e+03
5.411526120117589926e+03
5.592411071566730243e+03
5.686258267815921499e+03
5.622084539489708732e+03
5.523323553336390432e+03
5.350773525136751232e+03
5.781473108913200122e+03
5.499874742140216767e+03
5.792953680056814846e+03
5.544819582923469170e+03
5.730738896555157226e+03
5.756234748778499124e+03
5.612560933878602555e+03
5.262108759239322353e+03
5.585355271567101227e+03
5.580820774690806502e+03
5.774386569888809390e+03
5.435680171096817503e+03
5.819656212924572174e+03
5.430268960427561979e+03
5.565971408680431523e+03
5.627614206439737245e+03
5.613637055439827236e+03
5.677602388731829706e+03
5.587383413461830969e+03
5.694867404293727304e+03
5.680467817570332954e+03
5.808827719499956402e+03
5.617930482322720309e+03
5.628896563094922385e+03
5.538333267738567883e+03
5.582504243641378707e+03
5.388399343065463654e+03
5.620206712364684790e+03
5.578778940859752765e+03
5.633379158492926763e+03
5.721336187469791184e+03
5.598903939730523234e+03
5.796655779224574871e+03
5.747470619722954325e+03
5.853461154112679651e+03
5.651561989392253963e+03
5.927748660731857854e+03
5.749908351797368596e+03
5.767934596781115943e+03
5.751931145915180423e+03
5.894932229912648836e+03
5.712560517040286868e+03
5.849389585623651328e+03
5.771233938468940323e+03
5.858656295572426643e+03
5.847197070052110575e+03
5.876213304369670368e+03
5.777294032223800059e+03
5.688809740353355664e+03
5.761411426569126888e+03
5.871287203416429293e+03
6.024470280403726974e+03
5.719760844800824998e+03
5.832260089350378621e+03
5.984734944447869566e+03
5.881699412945325093e+03
5.676808574146593855e+03
5.966327383499623465e+03
6.093351665677885649e+03
5.898732823014202950e+03
5.942310176814146871e+03
6.022338031394679092e+03
5.763881827656591668e+03
5.713334599735981101e+03
5.861257216348094516e+03
5.970641612295643426e+03
6.105599970206139915e+03
6.016754454033223737e+03
6.080845393601560318e+03
6.065310900731059519e+03
6.075650341983053295e+03
6.075307900567720026e+03
6.070040249686931929e+03
6.045992846767536321e+03
6.073458838378538530e+03
6.015700514560613556e+03
5.973696055165219150e+03
5.950421355066409888e+03
6.120120175553609442e+03
5.928685806547340690e+03
6.136819170491489785e+03
6.080267702493505567e+03
6.153567557805575234e+03
6.283666690468422530e+03
6.023758808715466330e+03
6.193053335643586252e+03
5.934256140110922388e+03
6.176622608002302513e+03
6.176717721844210246e+03
6.094123286242656832e+03
6.000979872883759526e+03
6.038361812464901959e+03
6.312152613453039521e+03
6.363775609409410208e+03
6.401951646058368169e+03
6.184564254251376042e+03
6.295691684955821984e+03
6.455802710356249008e+03
6.419451608421157289e+03
6.574341089042929525e+03
6.339656068035294993e+03
6.256900578693401258e+03
6.571277142875289428e+03
6.235678812779605323e+03
6.447565282790194942e+03
6.377909653273059121e+03
6.202785269105398584e+03
6.212689906354900813e+03
6.468494268916303554e+03
6.190716150064208705e+03
6.380342341013662008e+03
6.089453891321217270e+03
6.391405241096358623e+03
6.554937462704042446e+03
6.475865725979831950e+03
6.636891367445745345e+03
6.586301497748841030e+03
6.499736609354844404e+03
6.404560659657357064e+03
6.485792677580503550e+03
6.392327297940451899e+03
6.358594461703190063e+03
6.616957327801676911e+03
6.391707913324121364e+03
6.262347105425620612e+03
6.536073596799164989e+03
6.506586745014620647e+03
6.519670664636338188e+03
6.528977111668405087e+03
6.509988082332018166e+03
6.459269689580598424e+03
6.484695411432461697e+03
6.471420990767946023e+03
6.473252729237958192e+03
6.648119622046750919e+03
6.568707700153348924e+03
6.457390682032942095e+03
6.279523855554471083e+03
6.717681890942773862e+03
6.571723208240954591e+03
6.717300500232300692e+03
6.620182278428667814e+03
6.673165099288265992e+03
6.520736754135424235e+03
6.667894838623080432e+03
6.717312726245733757e+03
6.696217533443839784e+03
6.496320219962767624e+03
6.408664801169193197e+03
6.761153018572928886e+03
6.394072561570329526e+03
6.759715405060020203e+03
6.512950457860330971e+03
6.912766053577515777e+03
6.601881561566997334e+03
6.666453985779047798e+03
6.793516379872236939e+03
6.647275092951462284e+03
6.578403596532155461e+03
6.678753957999059821e+03
6.702116949010571261e+03
6.510206736573419221e+03
6.614085830893141065e+03
6.783753875540731315e+03
6.515619161375065232e+03
6.674957698129988785e+03
6.550183722118578771e+03
6.764934691279353501e+03
6.677221000537454529e+03
6.699020027623653732e+03
6.658616993492564688e+03
6.826097715906327721e+03
6.830897828043426671e+03
6.613106496242896355e+03
6.939652521974877345e+03
6.894558142355408563e+03
6.873736814202097776e+03
6.834188488329755273e+03
6.564485308126723794e+03
6.738934762027543911e+03
6.784511100108988103e+03
6.603217935718244007e+03
6.569932263989161584e+03
6.708440627741364551e+03
6.836217584625211202e+03
7.005208333033860981e+03
6.761671278671077744e+03
6.818702243295098015e+03
6.831043776783544672e+03
6.897435727722216143e+03
6.910874346964455071e+03
6.894547367919429234e+03
6.987247483998661664e+03
6.701299277860748589e+03
6.707081027778936914e+03
6.655247562347843996e+03
6.829406738047536237e+03
6.696380473380619151e+03
6.918567185984134994e+03
7.038724862655798461e+03
6.759819188641272376e+03
6.926970241874859312e+03
6.769452083701147785e+03
6.872931632795761288e+03
6.912016200773814489e+03
6.656114197486997000e+03
6.789886631558477347e+03
6.908644852407931467e+03
6.909169031958319465e+03
6.942109480686681309e+03
6.888995939477310458e+03
6.895702947847944415e+03
6.875095017257645850e+03
7.082847343821692448e+03
6.986714488282717866e+03
6.878802437812941207e+03
6.796241660142498404e+03
6.842421803223812276e+03
7.008023496404936850e+03
7.037427961243529353e+03
6.962363527698114922e+03
6.936240099841284064e+03
7.007471103135589146e+03
6.994472143174363737e+03
7.042863346602186539e+03
7.076661204228081260e+03
6.956851251113735998e+03
7.058061977132820175e+03
7.142271353510832341e+03
7.217702790655544050e+03
7.050943641645518255e+03
7.089464052937409178e+03
6.936825836769005036e+03
6.924497322325264577e+03
7.077792722431268885e+03
7.033407702324678212e+03
7.116711937105701509e+03
7.024743912368842757e+03
7.186908766636918699e+03
7.075478805482170173e+03
7.232143715569797678e+03
7.123433739325001625e+03
7.131681696935231230e+03
7.365417408419218191e+03
7.134769018651709303e+03
7.050932632452872895e+03
7.150288227029820519e+03
7.106922400671741343e+03
6.955050231134548994e+03
7.182801215347770267e+03
7.108819193867329886e+03
7.150675749757763697e+03
7.220453782716364003e+03
7.354598454249035058e+03
7.146918134315329553e+03
7.026482934770906468e+03
7.176480620549295963e+03
7.147695387322679380e+03
7.328904654539122930e+03
7.338826988662499389e+03
7.284013661095824318e+03
7.069528153086632301e+03
7.014539389083457536e+03
7.171051271038959385e+03
7.073305788214163840e+03
7.217851709049849887e+03
7.346366873490231228e+03
7.130363373240225883e+03
7.268248374894202243e+03
7.271954749091713893e+03
7.120877279676860780e+03
7.175406062211481185e+03
7.142253433359708652e+03
7.429672903478545777e+03
7.251534782674782946e+03
7.514385877731434448e+03
7.128726426012402044e+03
7.315443005157916559e+03
7.400390638602480067e+03
7.262850784082418613e+03
7.300105434249770951e+03
7.373858510869774364e+03
7.319226836832165645e+03
7.460020007659338262e+03
7.245170093803190866e+03
7.483598208649443222e+03
7.328637639486591070e+03
7.421068011232202480e+03
7.488844817418416824e+03
7.267212582435940021e+03
7.427822490300382924e+03
7.359038381037818908e+03
7.338225938868958110e+03
7.296726136846657027e+03
7.330609499699916341e+03
7.338976997286335063e+03
7.180895165866219941e+03
7.054806479978706193e+03
7.360681490022446269e+03
7.359552175687798808e+03
7.358174887260396645e+03
7.330472581320023892e+03
7.378269066604455475e+03
7.380990247961169189e+03
7.391098372194052899e+03
7.502284010596647931e+03
7.163845171248493898e+03
7.612798095664079483e+03
7.200947924979340314e+03
7.259817787246369335e+03
7.341667825679414818e+03
7.471065982543750579e+03
7.386519928356905439e+03
7.301264774846255023e+03
7.342413771369851929e+03
7.304776408857722345e+03
7.413071449470024163e+03
7.379615373301608088e+03
7.235675562573238494e+03
7.616120592788179238e+03
7.426289857952817329e+03
7.497081478839865667e+03
7.350709169439826837e+03
7.437307950461858127e+03
7.707321057329876567e+03
7.494239087531220321e+03
7.371439433917918905e+03
7.498899861443246664e+03
7.700680311505287136e+03
7.547761601975682424e+03
7.478290389052467617e+03
7.349273683310046181e+03
7.464087311593594677e+03
7.498283057968258618e+03
7.619370708828600073e+03
7.629456531609173908e+03
7.492960016190807437e+03
7.568866274636377966e+03
7.728048092819355588e+03
7.636013502738688658e+03
7.572154313172068214e+03
7.531201544387767171e+03
7.619050720025908959e+03
7.442902645816539916e+03
7.583838121586975831e+03
7.582780429234053372e+03
7.808035967029777566e+03
7.617934413077029603e+03
7.484617805611742369e+03
7.752324554038024871e+03
7.657484833513702142e+03
7.463306109021506018e+03
7.469124576113526018e+03
7.683282154070415345e+03
7.540912000483897828e+03
7.756403926434243658e+03
7.483376541652362903e+03
7.655953522552295908e+03
7.802527349663084351e+03
7.717339404173730145e+03
7.750620692477577904e+03
7.888854334540867967e+03
7.873780650406775749e+03
7.672667956893871633e+03
7.751371866045279603e+03
7.724383440985535344e+03
7.729303035205390188e+03
7.847345609414898718e+03
7.704443672947761115e+03
7.805806738938428680e+03
7.511454638401232842e+03
7.783294217945594937e+03
7.536699916739983564e+03
7.923434648929550349e+03
7.848708007225761321e+03
7.713644878107184923e+03
8.012509623258873035e+03
7.791780389028245736e+03
7.741994440712713185e+03
7.758029639997026607e+03
7.837478177557810341e+03
7.766780284874317658e+03
7.877700897713587437e+03
7.919764643591542153e+03
7.893935972474357186e+03
7.977058167890223558e+03
7.969132104879173312e+03
7.826314898887706477e+03
7.847701013290702576e+03
7.931695772728054180e+03
7.803304929737273596e+03
8.069914304037814873e+03
8.059687014660359637e+03
7.772334219235764067e+03
8.010050033896521199e+03
8.043839870642214009e+03
7.638353250285156719e+03
7.878804144115773852e+03
7.976873826078856837e+03
7.875699745245555278e+03
7.982789858272651145e+03
7.800085656034943895e+03
7.901767671570915809e+03
7.772154945222676361e+03
7.809099957034838553e+03
8.034007410543455990e+03
7.898579511089015796e+03
8.043738176495885455e+03
7.948657648964136570e+03
8.082361917820534472e+03
8.179464411836846921e+03
8.252433350650875582e+03
8.072013853336777174e+03
8.022708663091076232e+03
7.879556504429160668e+03
8.201982443727687496e+03
7.980081621522082060e+03
8.162200748348845991e+03
8.173245518430239827e+03
7.989787809286544871e+03
8.046463012172805975e+03
7.960375543620457393e+03
8.053523294712293136e+03
8.116328683487400667e+03
7.851814877938531936e+03
8.064166834759480480e+03
7.814153577406961631e+03
8.083569616356127881e+03
8.033769957797352617e+03
8.224619759424404037e+03
8.088380586969720753e+03
8.092616789585630613e+03
8.140137333685631347e+03
7.978527461825054161e+03
8.009424960142293457e+03
8.222862293854357631e+03
8.186010066158890368e+03
8.194955112626545088e+03
8.331044516862833916e+03
8.027629653480889829e+03
8.295954424031633607e+03
8.018376347698967038e+03
8.038343692615525470e+03
8.343658539311232744e+03
8.244563928872046745e+03
8.241960962114442736e+03
8.129497469849035042e+03
8.314422390736819580e+03
8.215720743566340388e+03
7.918334464120648590e+03
8.223689701608906034e+03
8.151427619157195295e+03
8.316921529245204511e+03
8.148934490415080290e+03
8.146773340691985140e+03
8.246465796425098233e+03
8.361696528139182192e+03
8.255620085467631725e+03
8.356867827200683678e+03
8.101986029565186982e+03
8.217745313255723886e+03
8.249475975431345432e+03
8.326876440455373086e+03
8.227308185883017359e+03
8.369458189614275398e+03
7.998657100768361488e+03
8.374813216165503036e+03
8.343879147396746703e+03
8.295193136791311190e+03
8.210618559504599034e+03
8.577599649241663428e+03
8.094279402145934000e+03
8.512979893617148264e+03
8.100003407789021367e+03
8.256916020347733138e+03
8.263328907346876804e+03
8.428145014096868181e+03
8.047310589537666601e+03
8.213847783236722535e+03
8.244591514218709563e+03
8.556331693237705622e+03
8.516088709133777229e+03
8.186510802808637891e+03
8.368278742787268129e+03
8.279599724697578495e+03
8.210524441685174679e+03
8.376900294161883721e+03
8.498533554396230102e+03
8.551673982745365720e+03
8.279057163129193214e+03
8.408368640397817217e+03
8.353679306623746015e+03
8.399013388823181231e+03
8.283079230232999180e+03
8.269755446622180898e+03
8.300920014821469522e+03
8.390837660887507809e+03
8.349204642287040770e+03
8.594827044968764312e+03
8.542321163760678246e+03
8.562658107595711044e+03
8.494695041080047304e+03
8.607776974957989296e+03
8.486190876160970220e+03
8.463065288611276628e+03
8.543058858436710580e+03
8.199777493281868374e+03
8.351349324853910730e+03
8.624610379517425827e+03
8.199977050665758725e+03
8.402517165942939755e+03
8.234059607075556414e+03
8.581960598011881302e+03
8.614915969988596771e+03
8.531041746455513930e+03
8.467387497298934250e+03
8.691799183537978024e+03
8.706919536433078974e+03
8.688802659057188066e+03
8.505513574020864326e+03
8.730687147608110536e+03
8.594582923263691555e+03
8.465530622244732513e+03
8.735749545849537753e+03
8.531269233473580243e+03
8.709690767240183050e+03
8.640535777267035883e+03
8.336916250536360167e+03
8.531219670389966268e+03
8.655752182803704272e+03
8.673645645898906878e+03
8.576087734655086024e+03
8.893529166824537242e+03
8.448080732799036923e+03
8.810054724565523429e+03
8.399782319446707334e+03
8.442077866894716863e+03
8.494628541435726220e+03
8.665253229200388887e+03
8.863118192775409625e+03
8.409051689063227968e+03
8.709011019890243915e+03
8.771358050998025647e+03
8.831821060102143747e+03
8.823022889341747941e+03
8.602173636474406521e+03
8.684529787255276460e+03
8.809274529188007364e+03
8.388408148127156892e+03
8.918377461463060172e+03
8.680512972857201021e+03
8.705543858589824595e+03
8.677097856833124752e+03
8.797290565500321463e+03
8.612809815590953804e+03
8.536086020939103037e+03
8.762670322667949222e+03
8.744227841827210796e+03
8.885593951144777748e+03
8.672152079018798759e+03
8.476610833549748349e+03
8.778138339127879590e+03
8.766441660878210314e+03
8.810679544135999095e+03
8.792713372654794512e+03
8.718578827668818121e+03
8.647255841566997333e+03
8.770909549761703602e+03
8.756081328080457752e+03
8.882189891808893663e+03
8.497601539856412273e+03
8.919069676340412116e+03
9.001508237961377745e+03
8.994477398482134959e+03
8.922009958385569917e+03
8.618199338217300465e+03
8.698718802448454881e+03
8.770438002406621308e+03
8.767218195003730216e+03
9.074845346549856913e+03
8.764295104990267646e+03
8.983786317764839623e+03
8.737544893905669596e+03
9.073066048745524313e+03
8.762192312603585378e+03
8.699883689822656379e+03
8.556728584432004936e+03
9.096339600903913379e+03
8.924531117083628487e+03
8.944342575302476689e+03
9.099403481451898188e+03
8.921353083580586826e+03
8.848838229581431733e+03
9.105398217921607284e+03
8.593236907386837629e+03
8.954840616685485656e+03
9.086544803304723246e+03
8.877632133827190046e+03
9.174201568534199396e+03
8.882815787759785962e+03
9.055812991205611979e+03
8.842350940483291197e+03
8.977371860442131947e+03
8.992397236928514758e+03
8.841604849530938736e+03
9.073713115617512813e+03
9.175008033392517973e+03
8.700107621705754354e+03
9.045898475954269088e+03
8.945483469605038408e+03
8.903348720243022399e+03
8.888738708447788667e+03
8.930493506147124208e+03
9.000609354056994562e+03
9.281161667497899543e+03
8.882186589619986989e+03
9.012199656794540715e+03
8.876743708987793070e+03
9.265931461920745278e+03
8.842137710351471469e+03
9.090888585287180831e+03
8.998059821863957040e+03
8.955788757026130043e+03
8.905063402267802303e+03
8.931184030207610704e+03
9.010925148502223237e+03
8.613251844583317506e+03
8.888264742478198968e+03
8.843907876247691092e+03
8.652682053725871810e+03
8.947014632588685345e+03
8.940173065604836665e+03
9.106054580117417572e+03
9.170384717176393679e+03
9.199832683313281450e+03
9.146080156543770499e+03
9.174291430101944570e+03
8.738512641092347621e+03
9.140996529604255556e+03
9.043702462368921260e+03
9.034762457854720196e+03
9.054823421048937234e+03
8.913779130356284440e+03
9.146443424237009822e+03
9.176907275243742333e+03
8.939682028873980016e+03
9.109459595340007581e+03
9.012834316162488904e+03
9.122503029689101822e+03
8.954824971731588448e+03
9.051941626213609197e+03
9.200865648283474002e+03
8.921125001111189704e+03
9.285918471804165165e+03
9.212999087111134941e+03
9.169845385342176087e+03
9.317131053646733562e+03
9.171268293028488188e+03
9.260309512520296266e+03
9.251009044553449712e+03
9.229447633623565707e+03
9.233379256586165866e+03
9.380909799382719939e+03
9.190598258779833486e+03
9.243722784958052216e+03
9.173870055012504963e+03
8.853029404703764158e+03
9.185287186484636550e+03
9.310193296501811346e+03
9.066017008577044180e+03
9.109979976245140278e+03
9.182146353749294576e+03
9.243219311348713745e+03
9.347240467899024225e+03
9.336647297342631646e+03
9.174470158657226420e+03
9.128724632330640816e+03
9.249740635983245738e+03
9.449183954029380402e+03
9.072211758565355922e+03
9.416832852762932816e+03
9.253936035079101202e+03
9.290664604501584108e+03
9.155271538467852224e+03
9.393589728400405875e+03
9.161791448381307418e+03
9.093846267127632018e+03
9.147589370946716372e+03
9.191335316827795396e+03
9.306792080342776899e+03
9.334132096987108525e+03
9.401074918366592101e+03
9.369589871679792850e+03
9.368690171183679922e+03
9.179321738919023119e+03
9.364633916537239202e+03
9.306733859373207451e+03
9.294014189509071002e+03
9.188718212364021383e+03
9.405392197634559125e+03
9.321203599541091535e+03
9.380715555464990757e+03
8.936789391112783051e+03
9.359180882773285703e+03
9.505241633655834448e+03
9.293898825304000638e+03
9.266989654233673718e+03
3.423209206061982513e+03
9.323441435213944715e+03
9.452829348200330060e+03
9.443316083294335840e+03
9.462885613663420372e+03
9.485349842811765484e+03
9.559982891747768008e+03
9.354032363000958867e+03
9.211584317005124831e+03
9.334569466943668886e+03
9.400963749224092680e+03
9.463704539166834365e+03
9.485969976569009305e+03
9.283216765548233525e+03
9.478134839241567533e+03
9.502995202702151801e+03
9.384591504619205807e+03
9.529315077778324849e+03
9.214968898402088598e+03
9.256554425906368124e+03
9.123414976935078812e+03
9.193883516548437910e+03
9.158387943436777277e+03
9.617461130547369976e+03
9.219183935498422215e+03
9.458096436025531148e+03
9.121079311112054711e+03
9.381761540174120455e+03
9.403434109591542438e+03
9.454254466179432711e+03
9.390604883537343994e+03
9.435611600726519100e+03
9.445577291195062571e+03
9.470409373324515400e+03
9.232304688877673470e+03
9.455782009728205594e+03
9.290090818734584900e+03
9.496416597798694056e+03
9.689849990722026632e+03
9.692118915139095407e+03
9.491882769677094984e+03
9.494805277089033552e+03
9.195812216372642069e+03
9.650845533285375495e+03
9.430198752186212005e+03
9.575986754432906309e+03
9.394236016907880185e+03
9.736797560562368744e+03
9.590827460832188081e+03
9.399672478639282417e+03
9.285758361306630832e+03
9.742840973453754486e+03
9.234449315066873169e+03
9.709252713902889809e+03
9.402290629997627548e+03
9.898615987846565986e+03
9.278152093149796201e+03
9.461768616578478031e+03
9.417642022014621034e+03
9.567752482316625901e+03
9.586574062502606466e+03
9.582393830214652553e+03
9.686842206363322475e+03
9.676910645124928124e+03
9.783894175322671799e+03
9.730922081079197596e+03
9.394206050223925558e+03
9.558231010644118214e+03
9.904023482898204747e+03
9.493620414973638617e+03
9.777430931890972715e+03
9.482521407995725895e+03
9.622323353579755349e+03
9.691368287576937291e+03
9.730222679787086236e+03
9.736579868453463860e+03
9.767972923430817900e+03
9.633435027581064787e+03
9.546269230219970268e+03
9.687749120286311154e+03
9.616153768666508768e+03
9.572703705567322686e+03
9.584540554085944677e+03
9.901318984441888460e+03
9.306080618096892067e+03
9.817506143975306259e+03
9.645612088925041462e+03
9.880182501343721015e+03
9.811031733488345708e+03
9.531540978698209074e+03
9.685888263832373923e+03
9.843331103205204272e+03
9.759292499196220888e+03
9.568652121560606247e+03
9.767681905949482825e+03
9.762560706437345289e+03
9.602700083997156980e+03
9.646860491358869695e+03
9.880945793249438793e+03
9.807948315001427545e+03
9.825109012424605680e+03
9.796192551847478171e+03
9.709625886496853127e+03
9.268915750768746875e+03
9.730147795179023888e+03
9.923019638101226519e+03
9.779053328832973421e+03
9.808439667396962250e+03
9.498176973644145619e+03
9.763004631329149561e+03
9.878271496007762835e+03
9.915452344347217149e+03
9.795728120300609589e+03
9.750370711601675794e+03
9.838061536360139144e+03
9.805139767002647204e+03
1.007101440594615087e+04
9.846774664531005328e+03
9.743963556423956106e+03
9.610577270201041756e+03
9.678313332039551824e+03
9.924034576208730869e+03
1.010613553795210828e+04
9.515797681934385764e+03
9.825602415998560900e+03
9.453759790816611712e+03
9.827770255373101463e+03
9.906542256630064003e+03
9.944533002971878886e+03
9.734962706705700839e+03
9.764128724605447132e+03
1.005420533162917127e+04
1.011724100465143420e+04
1.005858172954359179e+04
9.863092623705513688e+03
9.997861069976310318e+03
9.966651495796018935e+03
9.775645023739301905e+03
1.001303438516722599e+04
9.809735925838582261e+03
1.011352447975622999e+04
9.890424451981840321e+03
1.004661575145348252e+04
9.993249267920138664e+03
9.689578040563208560e+03
9.794270402294212545e+03
9.946661044984110049e+03
1.017847606332008763e+04
9.950584221839419115e+03
9.915189268711605109e+03
9.949833395955185551e+03
1.027526697839938606e+04
9.830332981033896431e+03
9.869576703478996933e+03
9.867896663908597475e+03
1.008587404199228695e+04
1.008659869510902172e+04
9.891428427817892953e+03
9.730230454181142704e+03
9.896886699081936968e+03
1.003705480440338761e+04
9.986600677939839443e+03
1.023344005075331006e+04
9.887123335600355858e+03
1.017046913122346996e+04
1.011277963924084725e+04
9.881432991681327621e+03
9.901675421132320480e+03
1.025359806941457828e+04
1.012329460650469082e+04
1.019453022147104275e+04
9.957952335190424492e+03
1.012460753542113343e+04
9.800650471417820881e+03
1.010666453697655561e+04
9.679949200845041560e+03
9.988942797116318616e+03
1.008382700117194872e+04
1.003070939612353141e+04
9.932981544986794688e+03
1.033877213345346536e+04
1.012379595031790996e+04
9.953404026243963017e+03
9.954793629752448396e+03
9.939936805354464013e+03
1.014775478833901434e+04
1.018236871547396731e+04
1.021529177610752595e+04
1.023582351385309266e+04
1.000981040469948130e+04
1.015974295789402277e+04
1.017663249313021697e+04
9.790809145563325728e+03
1.000821729069234061e+04
1.011829182522506380e+04
1.027359408228140637e+04
1.008109219208735885e+04
1.016926568324150321e+04
9.900718553940254424e+03
1.014017405897483695e+04
9.964572480839877244e+03
1.010659692572201675e+04
9.998287966217307257e+03
9.936636566693910936e+03
9.967185513703827382e+03
1.034930645115363768e+04
1.016518834661648179e+04
1.031698519391340051e+04
1.021935145762908724e+04
1.012457486199362756e+04
1.000420779516723996e+04
1.001918112552279126e+04
1.008177568058158613e+04
1.035148339769867380e+04
1.015846679657423920e+04
1.025264832659484637e+04
1.003077660941012800e+04
1.026536791574611561e+04
1.011817374378596469e+04
1.015121534525484458e+04
1.014760308337597598e+04
1.002520361714557657e+04
1.024250887530226100e+04
1.014882811574559491e+04
1.033126683238270016e+04
1.041524979540032837e+04
1.032990528539097977e+04
1.017410666399103866e+04
1.016426714417971016e+04
9.896142514542611025e+03
1.002737436800830983e+04
1.022116024511095020e+04
1.025902093986319232e+04
1.024060951860542809e+04
1.020115143445426474e+04
1.021244507552528376e+04
1.012836784517371780e+04
1.004504445755842244e+04
1.033192996300262712e+04
1.012523455132049639e+04
1.017074896378208541e+04
9.983494483431190019e+03
1.046601369751400853e+04
1.026938975370411026e+04
1.041223856586497823e+04
1.020205346475088663e+04
1.013031989105588400e+04
1.029250792517873742e+04
1.051429293325193066e+04
1.027710784199100817e+04
1.052019756943408720e+04
1.023554577292818249e+04
9.991074467763413850e+03
1.029865385084772606e+04
1.005207994047103057e+04
1.062425051647301916e+04
1.035625354447563768e+04
1.011415703275931264e+04
1.051451619243201276e+04
1.020748625304914094e+04
9.630887628947664780e+03
1.000681348256444289e+04
1.030377678315908997e+04
1.061130652787354484e+04
1.012754150789112282e+04
1.031573986290751418e+04
1.026731156518226635e+04
1.002358973584864179e+04
1.014323934450985325e+04
1.026789963782103405e+04
1.016168745881497489e+04
1.042368747941872607e+04
1.036495316618238030e+04
1.014728294972593540e+04
1.021340176651346701e+04
1.013329592588429841e+04
1.020012390693381712e+04
1.004254861222955878e+04
1.033301362669087393e+04
1.035583142441848941e+04
1.046976715273340960e+04
1.045122455353586520e+04
1.020398356114696981e+04
1.021669405950952205e+04
1.009195801346406552e+04
1.051968059173520669e+04
1.033538717925704259e+04
1.021861292807235441e+04
1.022748224687619222e+04
1.017962012332718768e+04
1.054693516497981727e+04
1.023281681668724559e+04
1.045471639828057232e+04
1.013850902795833463e+04
1.049497775515303874e+04
1.043333677737646940e+04
1.051194239069367723e+04
1.014966689975351983e+04
1.035826427268424231e+04
1.025572008244251265e+04
1.035759166989320511e+04
1.049209038247543685e+04
1.045438346776503931e+04
1.047113735485317557e+04
1.035955236901773060e+04
1.052701911151231252e+04
1.060104616583634379e+04
1.016115501834145471e+04
1.040578380761080916e+04
1.054296914696949716e+04
1.034001910296162532e+04
1.025550692716869526e+04
1.037930791735317507e+04
1.040961641147563569e+04
1.082099125541148351e+04
1.028616211213360657e+04
1.038013197375954951e+04
1.028582428078599696e+04
1.047954186196866976e+04
1.028914099381311280e+04
1.026735230850674816e+04
1.053041708532801022e+04
1.033522764163492502e+04
1.060467675633394356e+04
1.041737208075347553e+04
1.062823133772703659e+04
1.047675237210439445e+04
1.051196180980602367e+04
1.033906497956479689e+04
1.066599140764471304e+04
1.045888579923843281e+04
1.025043689238907791e+04
1.031664953564953430e+04
1.043045705372829616e+04
1.069096320384229693e+04
1.029802040495792244e+04
1.047749309086861467e+04
1.045789027661102045e+04
1.043551775999177335e+04
1.048889515275396661e+04
1.037963142843253081e+04
1.066064383890964382e+04
1.084947673365465380e+04
1.067577885516470087e+04
1.068200223387836741e+04
1.062034708971927466e+04
1.017143281433020093e+04
1.067181094647495229e+04
1.042226680616984595e+04
1.034234994152643230e+04
1.072180528858853722e+04
1.045188626929881320e+04
1.033749282264475369e+04
1.064490482953560604e+04
1.059057706625931314e+04
1.073604645317547511e+04
1.064093962626496250e+04
1.047916637921477923e+04
1.040226293928623636e+04
1.064994628132601247e+04
1.053383739494252222e+04
1.057926365841422739e+04
1.070788420085046164e+04
1.023429334859110713e+04
1.082725725029729983e+04
1.010645922629741472e+04
1.054848743636323888e+04
1.065975403485225434e+04
1.064420485744295911e+04
1.030268252628970367e+04
1.061997901995248139e+04
1.020976147334907910e+04
1.073218163159833239e+04
1.064524397461918306e+04
1.071900464795274092e+04
1.073875452924915226e+04
1.054943147711590609e+04
1.078488613626333063e+04
1.059630871297051453e+04
1.060153408940972440e+04
1.052348843168407438e+04
1.062174741336537227e+04
1.087169195399814271e+04
1.066576022381593611e+04
1.059660914768405019e+04
1.064460418316308460e+04
1.063887001072800740e+04
1.064491831411528256e+04
1.077928291317127150e+04
1.080223155923289232e+04
1.070326576437508993e+04
1.058160345336461432e+04
1.057569483390505775e+04
1.066445846443717528e+04
1.071900687157872744e+04
1.060342829448221346e+04
1.066064052783067564e+04
1.054901421172151458e+04
1.034681461399697037e+04
1.060775148566745338e+04
1.089467899130300248e+04
1.089635112976473465e+04
1.075792673969703173e+04
1.064415334839284696e+04
1.084968243036127205e+04
1.083432331854594304e+04
1.079551712330008013e+04
1.095523584478994599e+04
1.090759562297160664e+04
1.075408831888133500e+04
1.083595197139626362e+04
1.078037461275199348e+04
1.050365727542168133e+04
1.064260028836260062e+04
1.065019972523486285e+04
1.089893112028173346e+04
1.059433267078170138e+04
1.062581485869400785e+04
1.093987433163128298e+04
1.085005889214507806e+04
1.066580256712883966e+04
1.087650604350156209e+04
1.081473475170011625e+04
1.077987639752238283e+04
1.057171693049514943e+04
1.082572537034151355e+04
1.091705363898490577e+04
1.073071154759750425e+04
1.083042980914731379e+04
1.092818361310432374e+04
1.084131273387235524e+04
1.089225522283955070e+04
1.096399647974473919e+04
1.085798643273434027e+04
1.057910501486855173e+04
1.060803982508061927e+04
1.050010926255910817e+04
1.056126552780892598e+04
1.083763654292998217e+04
1.077905410511775153e+04
1.082799063660924730e+04
1.083905032063735052e+04
1.084021436995555268e+04
1.073033529686883958e+04
1.075510408932872269e+04
1.076185919149387882e+04
1.062690379391906754e+04
1.084598949592255667e+04
1.068021327052125707e+04
1.070406259865998254e+04
1.086342404205742423e+04
1.076119795997917936e+04
1.094926548648501739e+04
1.106876114554432570e+04
1.084860554071722618e+04
1.082118667905121583e+04
1.082171805765931276e+04
1.085704026320053163e+04
1.092256225513352001e+04
1.081560782251155797e+04
1.094368819179368074e+04
1.105986994030231835e+04
1.100720867805216403e+04
1.086778633723509847e+04
1.106542585330274414e+04
1.087099174113629124e+04
1.110334761460198933e+04
1.101675806949649632e+04
1.093082619385051476e+04
1.061112632083692370e+04
1.060675129312080935e+04
1.089033779483812032e+04
1.088131054712500736e+04
