-1.757718932863142300e+03
-1.177343273959133512e+03
-1.192320794788117610e+03
-1.637855809112460975e+03
-1.672897807916232978e+03
-1.588677975709734028e+03
-1.618586514995314928e+03
-1.717281728109802543e+03
-1.728184523622837332e+03
-1.174685762430898421e+03
-1.080003780816947028e+03
-9.717488088944753599e+02
-1.648442505486916843e+03
-1.651278159349497628e+03
-9.601950227248763667e+02
-9.883492547646353614e+02
-1.688736538978189628e+03
-9.026886398783427694e+02
-1.784509876942108576e+03
-1.207533603138159378e+03
-1.067978357795966758e+03
-1.420480751899361621e+03
-1.604349340506689487e+03
-1.052413447355000699e+03
-1.378893876562884088e+03
-1.048410155560885414e+03
-1.325058035983919126e+03
-1.064947808887392284e+03
-1.705940306574404303e+03
-1.664909562728855008e+03
-1.513350514494480194e+03
-1.277803716790029966e+03
-7.585550527224633015e+02
-1.661919925330097840e+03
-1.498623339450665981e+03
-1.518088392006867480e+03
-1.282216892919661859e+03
-1.122554776088856443e+03
-1.114711494093657848e+03
-1.067026719455251396e+03
-1.335679777577182676e+03
-1.494690674575620733e+03
-1.303271490891426993e+03
-1.448515977407099854e+03
-8.770292425077298049e+02
-1.578933439068126290e+03
-1.399952430681347096e+03
-1.552346815846625304e+03
-1.320791807198975448e+03
-1.722393671373179131e+03
-1.662412755234186079e+03
-1.696555593856806581e+03
-1.683446863597278707e+03
-1.315823125486205527e+03
-1.164056511205401193e+03
-1.323814017134802043e+03
-1.534830510213180332e+03
-1.291147730822850917e+03
-1.733468779289906252e+03
-1.610450230516283000e+03
-1.384734927644842173e+03
-1.072806918110029528e+03
-1.820312260120734436e+03
-1.425969907507792868e+03
-9.889472460272463650e+02
-1.108021708492541393e+03
-1.260871176151596501e+03
-1.266335728360194707e+03
-1.243283785738525694e+03
-1.684696372877115436e+03
-1.227497597503315774e+03
-1.458733882346052724e+03
-1.338540390422293285e+03
-1.147634200529805639e+03
-1.776331961608324036e+03
-9.960025077111728251e+02
-1.477241029412783519e+03
-1.088942536344107566e+03
-1.747327873216077933e+03
-1.451369817585499050e+03
-1.705594957616936199e+03
-1.109167436643630708e+03
-7.606478361041872631e+02
-1.445643965801694776e+03
-1.718081443582732845e+03
-1.315208457033390459e+03
-1.369916898987594550e+03
-9.697535165273900475e+02
-8.901247240717865452e+02
-1.514299420733759234e+03
-1.524239588913695798e+03
-1.212070747033550333e+03
-1.221451497463408259e+03
-1.571034249100763191e+03
-1.330231839680458279e+03
-1.383358748797754288e+03
-9.207166492635744817e+02
-1.677313288514164014e+03
-8.539290985583631937e+02
-1.503973358390999920e+03
-1.017659049916585673e+03
-1.581427487246974124e+03
-1.723273166575014557e+03
-9.503045776815538375e+02
-1.512943226888221261e+03
-1.519344297244689869e+03
-1.521730416743719616e+03
-1.419044503466511060e+03
-1.289516241575388449e+03
-1.637916883098171184e+03
-1.243372967835719919e+03
-1.027656979764561811e+03
-1.185527699658540087e+03
-1.109480410054076856e+03
-1.096053591976776488e+03
-8.613112634363700408e+02
-1.574253740095973399e+03
-1.057721354831558756e+03
-1.169578136080304830e+03
-1.175634050303059894e+03
-1.739428580131902436e+03
-1.777522432240185708e+03
-1.593332081881937938e+03
-1.402697547118525790e+03
-1.341786085049730218e+03
-1.201806640314908464e+03
-1.685329035733042474e+03
-1.179780913026785811e+03
-1.308028950325313417e+03
-1.280135422915634081e+03
-1.824068893695593488e+03
-1.513044090614990637e+03
-1.061537978847278509e+03
-1.630628423348394108e+03
-1.365806959581264209e+03
-1.008303399746576360e+03
-1.067364959200150906e+03
-1.340200889387655707e+03
-1.170918036152943841e+03
-1.692238335328780749e+03
-1.710822615801742586e+03
-1.538033348484269709e+03
-1.180080582907845383e+03
-1.119668170110761366e+03
-1.323919205991973058e+03
-1.422138997056375501e+03
-9.645516979669907869e+02
-1.651306764622027458e+03
-1.332110379095297958e+03
-1.092218647625316407e+03
-1.646673117506686367e+03
-1.618289791959250351e+03
-1.822386517663707536e+03
-1.631079333931057590e+03
-1.762186413778147426e+03
-1.203602925020012435e+03
-1.248730033278535757e+03
-9.691036497413429061e+02
-1.233987577492649507e+03
-1.699099882334508038e+03
-1.575336876954948139e+03
-1.204018681544824176e+03
-1.319453070313823673e+03
-9.567680361232511359e+02
-1.295757553124403557e+03
-1.095520379109170563e+03
-1.721844596217522849e+03
-1.678620005530952085e+03
-1.189562362461420207e+03
-1.242736527697239353e+03
-1.452241053817554530e+03
-1.558607816325122030e+03
-1.731444155658441332e+03
-1.722782816795054032e+03
-1.176359975924498940e+03
-1.175681389243842204e+03
-1.652361372997146418e+03
-1.131105008673066095e+03
-1.095185691249760112e+03
-1.365939845394799477e+03
-1.038789879562047645e+03
-1.532809180412322348e+03
-1.186902827206890152e+03
-1.604886355890997493e+03
-1.067189571964581319e+03
-9.614128157710940741e+02
-1.268419209193854158e+03
-1.322558360780648400e+03
-1.563949533455439223e+03
-1.258451600324277706e+03
-1.653143479960062677e+03
-1.629119029688554065e+03
-1.322946832534515352e+03
-9.374304415121733882e+02
-1.023790546228221388e+03
-1.197496346889861343e+03
-1.147852848390991767e+03
-1.182733987558882291e+03
-1.266401227834224755e+03
-1.136407818376183059e+03
-1.413324071379065344e+03
-1.737521317460233604e+03
-1.235524732001898428e+03
-1.627920500314879291e+03
-1.467251995765748234e+03
-1.090524121785109173e+03
-1.489652438223841955e+03
-1.393366007344900027e+03
-1.338896925622708068e+03
-1.663618848896471491e+03
-1.215719252566957039e+03
-1.171043064267721775e+03
-1.498702404096906548e+03
-1.189085997476668126e+03
-1.012803937687006510e+03
-1.167773498231409121e+03
-1.201720825656463830e+03
-1.270582271838765337e+03
-1.075559092943401083e+03
-1.212158152578967702e+03
-1.156166057690507614e+03
-1.651318723770345741e+03
-1.399005845244450938e+03
-1.696221024679452512e+03
-1.666812436248224685e+03
-1.603550457007833984e+03
-1.152633878961362143e+03
-1.156869029046626565e+03
-1.365207840224213669e+03
-9.865458423514331798e+02
-1.611263886361190998e+03
-1.457240903168574278e+03
-1.111351485049025541e+03
-1.084640146570107163e+03
-1.310863560534923408e+03
-1.489862287193735710e+03
-1.255711738315131925e+03
-1.256155350391153206e+03
-1.250404145070734330e+03
-1.253100627879121475e+03
-1.462577226311630056e+03
-1.229736437033674520e+03
-1.031005781372809906e+03
-1.725775937036675941e+03
-1.078369465808545783e+03
-1.577011401071594264e+03
-1.161029647714408611e+03
-1.143241867120800634e+03
-1.270667608803933490e+03
-1.404141775246331463e+03
-1.396258906888252795e+03
-1.368603607642440465e+03
-1.325702876536108306e+03
-1.398280327263404160e+03
-1.174566228239723614e+03
-1.183612859106769065e+03
-1.280155184038501375e+03
-1.647590004706714581e+03
-1.500287622364623530e+03
-1.809313643685486795e+03
-1.671874439187368807e+03
-1.157308645284794693e+03
-1.705997205435801106e+03
-1.083744637362773119e+03
-1.069321634553293279e+03
-1.187682517371335280e+03
-1.837097133159386885e+03
-1.112961523013919987e+03
-1.218639424408799869e+03
-1.175217911699179012e+03
-1.325328918492755520e+03
-1.075106129824033360e+03
-1.141789958712357702e+03
-1.509970823526193044e+03
-9.329808084057416409e+02
-1.266337506470766129e+03
-1.694304055901038964e+03
-1.377143210930382565e+03
-1.786232319733813483e+03
-1.275221704326170311e+03
-1.177839372830102320e+03
-1.486044162519026031e+03
-1.071860620975171969e+03
-1.389616812305049280e+03
-1.479140319336250741e+03
-1.215832456759216939e+03
-1.367823162384354873e+03
-1.342685019606596825e+03
-1.714424827152530952e+03
-1.610792403697259488e+03
-1.779667595940662750e+03
-9.805272290580645631e+02
-1.282691688141133227e+03
-1.195210160850556804e+03
-1.223255556577253174e+03
-1.287554003158377327e+03
-1.515508616047401119e+03
-1.479317822363668711e+03
-1.601378615898137468e+03
-1.459730180936099714e+03
-1.634465472543381793e+03
-1.186516520767413112e+03
-1.078972923131513880e+03
-1.172899201924543604e+03
-1.666466744933653445e+03
-1.650159531735466771e+03
-1.156107428668291050e+03
-9.527667038151772658e+02
-1.727255018935845101e+03
-1.109390417628409296e+03
-1.823350294304429099e+03
-1.556590792404124159e+03
-1.811492963127019038e+03
-1.684403491407160800e+03
-1.595552846663469381e+03
-1.654067537969324349e+03
-1.089216378178743753e+03
-1.528594415105769940e+03
-1.720041539619476680e+03
-1.803728869548098373e+03
-1.488555148452927824e+03
-1.747447411776964827e+03
-1.294455257297267735e+03
-9.578223955285851616e+02
-1.176143603429424047e+03
-1.207215127065089519e+03
-1.156967315398351275e+03
-1.349944277104168123e+03
-1.711850063678089327e+03
-1.591505843058821256e+03
-1.434739659628651907e+03
-1.067899475702232621e+03
-1.542657549607667534e+03
-1.130937760526807551e+03
-1.563373569073822864e+03
-1.070649795616094252e+03
-1.500072986425075896e+03
-1.718355786622370488e+03
-1.279182774922074714e+03
-1.590533096813026305e+03
-1.406610864724885687e+03
-1.549429063503139332e+03
-1.315972534262245745e+03
-1.751347750529093219e+03
-1.095930482285969219e+03
-1.428311554363104960e+03
-1.741145883878029736e+03
-1.069194998714652229e+03
-1.433161775278585765e+03
-1.343174884980733168e+03
-1.401595454117765485e+03
-1.186239221487346867e+03
-9.662968680825574666e+02
-1.320932357878953781e+03
-1.170819519189238918e+03
-1.818225754402040366e+03
-1.291226234731673912e+03
-1.487720595728132594e+03
-1.180393177578911946e+03
-1.068883463650770182e+03
-1.342793616600020187e+03
-9.709858657707185330e+02
-1.395722298190573156e+03
-9.769801326494978184e+02
-1.319611700442536176e+03
-1.294294044156949212e+03
-1.272985278083018329e+03
-1.012639358728897150e+03
-1.177926136623753791e+03
-1.817780257841414141e+03
-1.287071841859123651e+03
-1.021576547356886635e+03
-1.679468703406399754e+03
-1.727285817276166881e+03
-1.288479940078728760e+03
-1.368732752766534304e+03
-1.121751466981990689e+03
-1.521680369531685756e+03
-1.638853717489721930e+03
-1.585180398211086413e+03
-1.179013752711971392e+03
-1.549898424907648860e+03
-1.175924252501013370e+03
-1.046973239987462193e+03
-1.835245349471014606e+03
-1.219789296998410919e+03
-1.368811720220254529e+03
-1.774337386248588018e+03
-1.386017418281018536e+03
-1.074971491551927556e+03
-1.355280317925347845e+03
-8.274923589193571161e+02
-1.077427427682060625e+03
-1.226141587180978377e+03
-1.555796411167036467e+03
-1.436654997274035850e+03
-1.217149191521437388e+03
-1.147456059098271908e+03
-1.356517778017607952e+03
-1.776996460915533817e+03
-8.343584008763828024e+02
-1.593624886419146378e+03
-1.329082711974813719e+03
-1.061215911126011633e+03
-1.290304866990338724e+03
-1.201692858018504694e+03
-1.177996734446136770e+03
-9.667004442005329565e+02
-1.575439832126148303e+03
-1.496934123579786274e+03
-1.440828391499511781e+03
-1.777808183590142107e+03
-1.397358333159686254e+03
-1.469438484133749625e+03
-1.552638900086197282e+03
-1.432410203915357670e+03
-1.457545212828276817e+03
-1.143854841360792307e+03
-8.629042996570293553e+02
-1.502309150802457225e+03
-9.666220783020481804e+02
-1.527740484947239565e+03
-8.931425420686032339e+02
-1.210556262804527023e+03
-1.818198737599471315e+03
-1.391441453293378572e+03
-1.507519207175200336e+03
-9.183819006396752229e+02
-8.000538332693035954e+02
-1.331822157338358693e+03
-1.491853240328044194e+03
-1.607230599502879386e+03
-1.547421292227538743e+03
-1.286508591172597789e+03
-1.464125638427501826e+03
-1.223164493227990988e+03
-1.747744355765913724e+03
-8.423673568984156645e+02
-1.689365392021783691e+03
-1.611276782852276483e+03
-1.222682983117875665e+03
-1.296578493921715108e+03
-1.065700269167253055e+03
-1.649183091507240988e+03
-1.334407235284171065e+03
-1.692678921399780847e+03
-9.858825114795205309e+02
-1.048742093236005076e+03
-1.072951052043505570e+03
-1.251545129131119893e+03
-1.301535892806309676e+03
-1.439214603523055985e+03
-1.556190095747338319e+03
-1.466304386050094081e+03
-1.471221308138231961e+03
-1.476343220213686891e+03
-1.144930108464724071e+03
-1.305591450536958291e+03
-1.100559956386102385e+03
-1.066005072014739653e+03
-1.485537180382668794e+03
-1.157665208281591731e+03
-1.474398382871515651e+03
-1.777252425223047567e+03
-1.069199342652715586e+03
-1.332824878350563040e+03
-1.506208625146023451e+03
-1.441311569870902304e+03
-1.768120450952370220e+03
-1.244451307786620191e+03
-1.735880729909113370e+03
-8.592241827634053379e+02
-1.726801507560469872e+03
-1.346147355132045959e+03
-1.287301139590045977e+03
-1.199228852794523846e+03
-1.710839065370111484e+03
-1.410242081477598276e+03
-1.750263127990588600e+03
-1.534235719557902939e+03
-1.514904410542552341e+03
-1.715746076135795875e+03
-1.082982928694040311e+03
-1.597546385741016366e+03
-1.159537071343162324e+03
-1.329165449131780406e+03
-1.273694971998512528e+03
-1.535771670191359135e+03
-1.124670859706504416e+03
-1.494020993623249751e+03
-1.309051306535912772e+03
-1.476866588206193683e+03
-1.581742277526550424e+03
-1.614810973509315318e+03
-1.396171114001159822e+03
-1.801340840051887199e+03
-1.505438347343394753e+03
-1.630896881330662609e+03
-1.356616299013282514e+03
-1.623212316523710797e+03
-1.490398497453755226e+03
-1.558766647879808261e+03
-1.765142745348538256e+03
-1.571269786773312944e+03
-1.531970367128476482e+03
-8.837246574833851582e+02
-1.378182356788661764e+03
-1.335804984205188475e+03
-1.177440957349036353e+03
-1.156222200903886915e+03
-1.364743777089767718e+03
-1.181551969169832773e+03
-1.069487725168946781e+03
-1.318483776161889637e+03
-1.223797700522820833e+03
-1.415353188711121220e+03
-1.584974706100258118e+03
-1.364567081048041700e+03
-1.067207439167157872e+03
-1.288419454744182531e+03
-1.548581428700613060e+03
-1.183081742388907287e+03
-1.780867562554640244e+03
-1.619676440858586147e+03
-1.598585505923289929e+03
-1.770784916363532147e+03
-1.489527029236925955e+03
-1.760897414010124749e+03
-1.391566808273173592e+03
-1.068177516240938530e+03
-1.305417909489032354e+03
-1.052675061313154401e+03
-1.301792859190026775e+03
-8.666354974937975157e+02
-1.707342028255122386e+03
-1.342978799806382540e+03
-1.534044713417810954e+03
-1.178676147648793176e+03
-8.730911989420307009e+02
-1.761288092599312677e+03
-1.490262310671131445e+03
-1.384784239705896880e+03
-1.638991817710954592e+03
-1.270096480860270958e+03
-1.090562749759339113e+03
-1.419173976424628336e+03
-1.771791505235393743e+03
-1.775337792819477045e+03
-1.070584703857830846e+03
-1.074398375995637707e+03
-1.029027139736981326e+03
-1.662902121296186579e+03
-1.595777210053918679e+03
-1.319264623532230416e+03
-1.235664759268845728e+03
-1.063366321007598344e+03
-1.490052476047749224e+03
-1.137103588706272603e+03
-1.614889476058073342e+03
-1.815569794552754956e+03
-1.704976364239804980e+03
-1.305470843591442872e+03
-1.349125698205549952e+03
-1.564328344316485300e+03
-1.683223670358652043e+03
-1.530181891561035627e+03
-1.532931298157856645e+03
-1.224734211280086356e+03
-1.501769306837851218e+03
-1.167640742422438052e+03
-1.175002878582275798e+03
-1.366550709801093262e+03
-1.154859337575044037e+03
-1.454803889233616474e+03
-1.300364441717825684e+03
-1.406357608014957350e+03
-1.640644124556257111e+03
-1.103501962822317637e+03
-1.195094890010451309e+03
-1.735168156809534366e+03
-1.615293885194794939e+03
-1.085308429850075527e+03
-9.645374416499181507e+02
-1.650392472338684684e+03
-1.573486715880713064e+03
-1.249504420715087235e+03
-1.367000853753622323e+03
-1.069093298061373844e+03
-1.186587820292009155e+03
-1.178162998968304919e+03
-1.080746903427248299e+03
-1.197150002943307527e+03
-1.548718076253327354e+03
-1.339221491714298281e+03
-1.186749805566743134e+03
-9.469022602009764569e+02
-1.065550761524302743e+03
-1.312045374292918268e+03
-8.791660483662681145e+02
-1.440678009835297644e+03
-1.596881596358645083e+03
-1.115857593127880591e+03
-1.418445462765943375e+03
-1.293334286752840626e+03
-1.175836089347955976e+03
-1.453492089418494743e+03
-1.741698499102244568e+03
-1.270256929460587344e+03
-1.771437146686444294e+03
-1.504074457288828171e+03
-1.151610950508780206e+03
-1.310144175560929625e+03
-1.658180784616396977e+03
-1.642020141937896597e+03
-1.183681339433670473e+03
-1.208791880175425376e+03
-1.773095052255929886e+03
-1.520895674333556371e+03
-1.681497185748767379e+03
-1.694393219469486894e+03
-1.208579038866483188e+03
-9.677057625418045745e+02
-1.210741628962221512e+03
-1.685389514201669499e+03
-1.011176253503544217e+03
-1.498754955502945904e+03
-1.796150507307542966e+03
-1.079488535373838431e+03
-1.680708949654752587e+03
-1.193043126936259569e+03
-1.626067514062915279e+03
-1.202024235351771267e+03
-1.509534473469212344e+03
-1.342312020727087656e+03
-1.498292313443969761e+03
-1.488823640652270797e+03
-1.193444946971844274e+03
-1.192562624369794548e+03
-1.453204387809879790e+03
-1.749207565111441227e+03
-1.750738843092099387e+03
-1.208790046356183439e+03
-1.066858553274745645e+03
-1.399890601804080688e+03
-1.520206928285411777e+03
-1.847171884079460824e+03
-1.126807791965977003e+03
-1.196545291986101347e+03
-1.483551342114257750e+03
-1.246427608180321386e+03
-1.187288468515430623e+03
-1.651640980071715603e+03
-1.512196994103084080e+03
-9.100274498552904561e+02
-1.385400833215816192e+03
-1.732463787069266118e+03
-1.420657305551245145e+03
-1.339679670544398959e+03
-1.633852568423563753e+03
-1.059528261331082831e+03
-1.465528032789120516e+03
-1.475302484624304952e+03
-9.903534559138174700e+02
-1.115014786605572908e+03
-1.534180482792693965e+03
-1.636396040647975269e+03
-1.486754462615013608e+03
-1.157315698116879503e+03
-8.871837430316586506e+02
-1.217603444667992562e+03
-9.136045556756694168e+02
-1.293814160391379573e+03
-1.479408482873452613e+03
-1.433326640439575840e+03
-1.413495856849765460e+03
-8.811730835689736523e+02
-1.160107565485094938e+03
-1.663973573583968573e+03
-1.342522088467892445e+03
-1.731366586162242129e+03
-1.174509131160133165e+03
-1.799800441374663706e+03
-9.663854273969933502e+02
-1.364461243232510242e+03
-1.351370694181689259e+03
-1.317048168583556389e+03
-1.220114604484605934e+03
-1.532833010655289399e+03
-1.616639207626594271e+03
-1.244259613926194334e+03
-1.681322867442671622e+03
-1.351271571914425749e+03
-1.356927492064846092e+03
-1.783218390674781631e+03
-1.616071888915207182e+03
-1.295425017298606235e+03
-1.187898270209014754e+03
-8.679767655263044617e+02
-8.572436840226600907e+02
-1.567715383389923772e+03
-1.273332857649761991e+03
-1.255883142206620050e+03
-1.712945850613932635e+03
-1.302472293073510400e+03
-1.721789611135917767e+03
-1.581022765853043438e+03
-1.413850114365758373e+03
-1.372630776331594461e+03
-1.334756063581549142e+03
-1.505568992173894685e+03
-1.752205378914469520e+03
-1.578739260227293016e+03
-1.612325979494452895e+03
-1.410807790472397301e+03
-1.727709240957655993e+03
-1.802298748665704807e+03
-1.451843444228737553e+03
-1.552646769304248892e+03
-1.656606100195538602e+03
-1.311036597198626168e+03
-1.465898067039281614e+03
-1.170248926980130591e+03
-1.387213204500596703e+03
-9.372999182754870162e+02
-1.527144357365058795e+03
-1.347260745923745390e+03
-1.182893219681865730e+03
-1.200782643077609464e+03
-1.458931930421101242e+03
-1.656083024660348883e+03
-9.584435583841104744e+02
-1.265792003567849406e+03
-1.714865082101825919e+03
-1.234889332373980778e+03
-1.131850562199271963e+03
-1.261074895294280850e+03
-1.669031042187303456e+03
-1.280067510690544168e+03
-1.076988111500313835e+03
-1.293587544546314120e+03
-1.169780635056377832e+03
-1.452137471997101557e+03
-1.523138807860465931e+03
-1.422446553926864226e+03
-1.837727285922317378e+03
-9.668396605867944800e+02
-1.236390041656190988e+03
-1.402381602710974903e+03
-1.330820805982941238e+03
-1.294009558554460227e+03
-1.353160509866912207e+03
-1.320447185428577541e+03
-1.427410156914689878e+03
-1.343625893372063047e+03
-1.490736320272226749e+03
-1.379372325934717765e+03
-1.684613355494129564e+03
-1.546253669214120237e+03
-1.493397353207773449e+03
-1.088104897447317626e+03
-1.518630695041673334e+03
-1.579807437897138470e+03
-1.050592458795875245e+03
-1.084616538909541077e+03
-1.400084323999120443e+03
-1.406860627023996358e+03
-1.326234900911139448e+03
-1.211862878865685616e+03
-8.880443244615873937e+02
-1.639097200998037351e+03
-1.060136402484803739e+03
-1.720074802319214086e+03
-1.391763894886989192e+03
-1.513092714711157214e+03
-1.751944359841290634e+03
-1.220791915857345657e+03
-1.642639096280130843e+03
-1.766776533835618011e+03
-1.254133883144768788e+03
-1.577233376158207193e+03
-1.718798750264882983e+03
-9.788755068859966286e+02
-1.045359331435128979e+03
-1.301667615521971584e+03
-1.097264183503832555e+03
-1.184725707927752410e+03
-1.155858551821880155e+03
-1.498957581191312329e+03
-1.585768885408089091e+03
-1.085922714153649167e+03
-1.647674059938689425e+03
-1.154009312859320289e+03
-1.313838581770011160e+03
-1.495622805361621204e+03
-1.160830073952110524e+03
-1.391805892014088158e+03
-1.381048814140795457e+03
-1.173764572921850686e+03
-1.131879000592608236e+03
-1.639845826804135186e+03
-1.686806202660416830e+03
-1.263563402294273601e+03
-1.471863984253751823e+03
-1.738452559209538776e+03
-1.511032782770602807e+03
-1.070186909632249126e+03
-1.666955380111454360e+03
-1.713453611239966676e+03
-1.363612734286175055e+03
-9.774397035598952925e+02
-1.554160187584352798e+03
-1.007326152325894782e+03
-1.392013071734960022e+03
-1.370344044004954412e+03
-1.402782126343824757e+03
-1.519472003504125723e+03
-1.172788555372778546e+03
-9.582144085830759650e+02
-1.404916366391550127e+03
-1.156370576465893009e+03
-1.367626154344378847e+03
-9.455814400591324329e+02
-1.416284601148581714e+03
-8.022855008866027902e+02
-1.739085132444813780e+03
-1.274450887019376978e+03
-1.466885850970209276e+03
-1.337977535153430608e+03
-1.419023884878294439e+03
-1.508584006191524395e+03
-1.627173068078465121e+03
-1.556206484633791661e+03
-1.584422494350239504e+03
-1.344463257132406170e+03
-7.532074502925349861e+02
-1.458408708447257368e+03
-1.170764226191591206e+03
-1.555455250183311136e+03
-1.853998592921039062e+03
-1.704059195834834782e+03
-1.661664512970379747e+03
-1.171549377504463564e+03
-1.554050910212374447e+03
-1.492653338379662728e+03
-1.787579116428984435e+03
-1.767944710996638150e+03
-1.442799821186510371e+03
-1.694229617877283999e+03
-1.069311917016123289e+03
-1.072414964624048935e+03
-1.432901787334344590e+03
-1.172074119301049222e+03
-1.062020610517774458e+03
-1.421650245244167536e+03
-1.654552127412766367e+03
-1.464018919615719369e+03
-1.308814100247042006e+03
-1.199960272180309403e+03
-1.371669261799193464e+03
-1.455841850836352023e+03
-1.326551650844449341e+03
-1.603662465681373988e+03
-1.312436391286454636e+03
-9.666261013685718808e+02
-9.618367131234793987e+02
-1.065685307011360010e+03
-1.780086574438883872e+03
-1.102972907000960276e+03
-1.462740156554980786e+03
-1.243447428636464338e+03
-1.160919985876784949e+03
-1.195635516681553327e+03
-1.667916010479083980e+03
-1.632490198818189356e+03
-1.358088024512687298e+03
-9.779189725294249911e+02
-9.691075730062809725e+02
-1.072338136806911280e+03
-1.195016196036834799e+03
-1.167070148201882375e+03
-1.600872732898083086e+03
-1.287693069274742811e+03
-1.497407308212471207e+03
-1.258197223766100251e+03
-1.545682479007689153e+03
-1.270662262211967118e+03
-1.228844583024211488e+03
-1.582534363457783456e+03
-1.296039318232236383e+03
-1.726488130538566111e+03
-1.219690239160329611e+03
-1.474175529616363747e+03
-9.691638655613146511e+02
-1.313131615261121169e+03
-1.691108893262917491e+03
-1.066560161464513612e+03
-1.171793137735046457e+03
-1.648999100535993421e+03
-1.102522675392806150e+03
-1.648550322950816735e+03
-1.245216609162117493e+03
-1.646045105996130587e+03
-9.844841252146449051e+02
-1.591800775487035708e+03
-1.260795457625501967e+03
-1.306937923473480623e+03
-1.323019141753001804e+03
-1.321219175938832905e+03
-1.146372999752692522e+03
-1.489066754936099414e+03
-1.701268694643604476e+03
-9.770385608987897967e+02
-1.173948261500903072e+03
-1.463175226867761467e+03
-1.754172121816520985e+03
-1.723687461755739150e+03
-1.169568944568366305e+03
-1.246498965721605373e+03
-1.534630412225415967e+03
-9.038439477446195269e+02
-1.733705698086934490e+03
-1.590944748260618553e+03
-1.115590074117332733e+03
-1.796260932172567436e+03
-1.581616267705935115e+03
-1.136897953400273082e+03
-1.201505141971232888e+03
-1.149896179630346523e+03
-1.708216013583401036e+03
-1.556678305740432734e+03
-1.092321451158950822e+03
-1.159753225334252193e+03
-1.701801969881568084e+03
-1.477079926087480771e+03
-1.521900825654822484e+03
-1.367711062112995705e+03
-1.480751171340230258e+03
-1.276727465486587107e+03
-1.239516089117396632e+03
-1.616330401018892871e+03
-1.501487344340259824e+03
-1.772925128539123079e+03
-1.259644499184990764e+03
-1.727910575179995931e+03
-1.376911492990174793e+03
-1.389454807634960844e+03
-1.676407649688344463e+03
-1.547184369525936290e+03
-1.296722090076347968e+03
-1.135396165835883949e+03
-1.641966760347081618e+03
-1.297358715617255484e+03
-1.437943650361284199e+03
-1.298523907282465643e+03
-1.353682098328787106e+03
-1.197062672717116811e+03
