2.355858881222572254e-01
-3.935546136987567167e-01
2.631486117358447618e+00
1.528135356124379030e+01
2.201852282127059635e+00
2.656042595807720730e+00
2.358694841541004728e+00
1.134804636787787047e+01
3.565922461603379556e+00
7.128890536327306293e+00
2.830124959621425518e+00
4.215611413449710021e+00
9.000159441930378534e+00
2.723840284816186674e+00
2.777345122344990092e+00
5.516262225555140120e+00
2.504086700700287604e+00
-6.534727518285031955e+00
1.539655282341969667e+02
6.783255157177825456e-02
-7.371472798148612782e+00
-4.515998162017785811e-01
1.119390422864577062e+01
1.833811011241688860e+01
5.386097222006014817e+01
-1.611612066094060935e+01
-2.426494592487548019e+01
-1.139375672299942721e+01
8.618852179507101141e+01
4.924218006932905922e+01
2.851893605663312883e+02
3.509460964934632443e+02
3.930024219697480703e+02
1.057990847407433193e+03
3.647215339306065971e+02
8.830972851066127305e+01
1.894014755627143245e+02
5.391771886761149517e+02
1.097058777156065617e+02
2.658110108594893291e+02
2.592299363479826866e+02
3.309125582810201536e+02
5.844760911026335179e+02
2.957181753177025598e+02
2.967466220637259084e+02
3.330282662427360378e+02
2.996871278146257964e+02
4.597806732105262313e+02
6.659367186639605052e+01
8.051620426620812054e+01
6.437110745910553078e+02
5.303320050232312042e+02
2.560799709385195797e+02
1.763205990248602362e+01
6.704611197429198910e+01
2.990484511242095778e+01
7.233562503547994993e+01
1.243475226409792072e+02
5.389726297811757831e+02
4.765780675681601224e+02
7.502178794736632028e+01
7.717502400647801686e+00
5.569544107875892678e+02
1.493915881610651297e+02
2.735342663250334567e+02
1.907805344905615641e+02
1.951506161653243225e+02
1.115422689381602197e+02
8.654428994630332284e+01
1.882008419719710801e+01
3.531787984326403773e+01
3.593077132801070661e+01
3.998473231470985922e+01
-2.890858932685445915e+00
1.377282437434211460e+01
3.990379751817532394e+01
1.788569284563785118e+02
2.485040112511991595e+01
2.446648171063202071e+01
3.170964894901166531e+01
4.439489072032313999e+01
1.750591254565255639e+01
6.905392704433741358e+01
4.515159494294849196e+02
1.929288971055425463e+02
1.920088259933053791e+02
7.266945016773840393e+01
1.957184845047819124e+02
2.406123621562244068e+02
8.639532036434137297e+01
4.278187033741615153e+01
3.355732551619486799e+02
2.653776410942900839e+02
2.213155602178488834e+01
9.840219354948948194e+01
2.567613102442666317e+01
9.649366010093656243e+00
2.799583231652106718e+01
-9.262242086657688223e-01
4.238457859921026483e+01
1.902066738445506076e+02
3.064029206596067070e+02
1.494841534602033164e+02
2.134017430075144830e+02
1.108037218137666287e+02
7.909600096394146362e+01
2.061392171777094688e+02
4.391142359865491329e+01
1.716250160609264697e+02
1.145351424327885681e+01
1.911973956820148146e+02
2.556141754678456834e+02
1.005437342471218329e+02
1.776586435987398005e+01
2.402754698753830098e+02
3.035829955180715345e+01
4.410192524619809973e+01
1.450701041183504287e+02
1.901341048342301576e+02
2.331470822556310907e+02
2.702956695895169901e+02
3.132982245992212142e+02
3.412135068531857200e+02
1.786633875948069772e+02
1.315078530435637845e+02
1.376379573472962647e+02
1.635783050239669763e+02
1.034851136618328660e+01
1.056179332603452821e+02
2.810773208726508869e+02
1.356413252487127181e+02
1.564614418180150892e+02
7.978768317044445268e+01
1.351588640278325784e+02
9.748824464855225358e+01
1.650398787484304535e+02
1.051115031509023225e+02
1.195184504748220462e+02
1.404666324629490930e+02
1.209228238555205479e+02
1.126941885027465560e+02
8.251790063231813122e+01
1.998514798798481422e+02
4.589056456024873114e+02
1.714544849222884579e+02
9.793462571839567943e+01
2.114400245622328498e+02
1.890865952682920863e+02
1.148767665843556429e+01
1.357913195464471130e+02
8.069567384496153295e+01
6.674791464509978312e+01
3.507809142087390342e+02
-4.113589926229320071e+01
1.785242466758134867e+02
1.236520229592018865e+02
2.180422587098724705e+02
2.962738290852548744e+02
2.231898487839696372e+02
1.763626824475068702e+02
2.631842185608712157e+02
1.731627668535274154e+02
1.255496177814068659e+02
2.081340262594614785e+02
1.687930860988496136e+02
3.484637809142627702e+02
2.087577304511735008e+02
2.644690984877539677e+02
3.201817741360598006e+02
2.475875203845623673e+02
8.348295105214540968e+01
2.804898147552737555e+02
2.280800723159327674e+02
1.975296122541654142e+02
2.293395583840473364e+02
2.300894238802277414e+02
1.674842905768667549e+02
2.402252339064874604e+02
2.380748554136362714e+02
1.821744053669418122e+02
1.537489826848174914e+02
2.146291397090799649e+02
2.761329925780624421e+02
1.558558804382407175e+02
2.009263524779868249e+02
1.430194053230827649e+02
1.959326197226505144e+02
2.042174438774418661e+02
2.345387818003895859e+02
4.527015639822290041e+02
1.036438291193202872e+02
2.364457447675178514e+02
1.543852731987508093e+02
2.218955361160850259e+02
1.788919590480643649e+02
1.911042990522095693e+02
9.674136617428607110e+01
3.101522034202710643e+02
1.067267017902422168e+02
3.071858150650792822e+02
2.171219898596528139e+02
2.507248009272951208e+02
2.588542031668112031e+02
2.295574619451893739e+02
1.584887652978817982e+02
1.249521933177083071e+02
1.694759104423111182e+02
2.607437643136768202e+02
3.250438883992739534e+02
4.097293250664241668e+02
4.183345921782428150e+02
5.717629557889532776e+01
2.133738885558850029e+02
3.671440206249848757e+02
4.295031138228210352e+02
2.532448567885128057e+02
1.073081846646888522e+02
2.439329330900409332e+02
2.684061984741421156e+02
3.866434783381195075e+02
5.601276367904954441e+02
2.950771213327204237e+02
4.484282233521953458e+02
7.261007428160372967e+01
2.916137094097340423e+02
3.924755187847508751e+02
6.594913307363414106e+02
2.202780392115039376e+02
3.444501364670726389e+02
1.957030241029273157e+02
2.737081233575285637e+02
4.086046608371344178e+02
1.267060633772570668e+02
2.358100307925483037e+02
2.706107964984786918e+02
1.967326960833361511e+02
2.057076080518774290e+02
1.682499409732907338e+02
1.204710126365129952e+02
2.968369830165185022e+02
1.557946140695500219e+02
3.264694675735495935e+02
2.640817576070746213e+02
2.116361385242253448e+02
2.200192619814995112e+02
3.058011632591237685e+02
2.862202171106720812e+02
1.908446430973868928e+02
1.964227457918971425e+02
3.304120561145076636e+02
3.037118597284880366e+02
2.015939682322966746e+02
2.627949703389666638e+02
2.005298950539445002e+02
3.177470392321265891e+01
2.542292134265263144e+02
3.004596206264266698e+02
2.867638558405053004e+02
4.176424737005435190e+02
4.256100812897493029e+02
1.484930064682777697e+02
3.592095947390383799e+02
1.561863087217134876e+02
8.005648530464300450e+01
2.094030312507283611e+02
2.228475430858995878e+02
4.003289608406636830e+02
5.719838151893438862e+02
3.946234646112927749e+02
2.761812495800239162e+02
1.518448388794136861e+02
1.139351170064553003e+02
1.068335441143087507e+02
1.228937006176570605e+02
2.043418965850485165e+02
2.782247475885980634e+02
3.379454895183021677e+02
3.021000613326409621e+02
3.222678428291501973e+02
2.114704139105030549e+02
2.436174291093927309e+02
1.682606964396682940e+02
5.485083184578440978e+02
3.307824750257098003e+02
1.782737985119534301e+02
6.112475812715695156e+02
5.151144302343924437e+02
7.151428299603081769e+02
6.835622331197427002e+02
1.055245694766792184e+02
6.229058464757954425e+02
6.288642689478173224e+02
4.059352212586773589e+02
4.129283089550474983e+02
7.657500887438357040e+02
3.558611653350960182e+02
5.121910868750068175e+02
3.367672723361211524e+02
3.121447266505005018e+02
3.415944652585445169e+02
4.292146568703073513e+02
1.977929983228827950e+02
3.593898247923670510e+02
4.744302840133551626e+02
3.342431375169476837e+02
4.521685397338104622e+02
1.757336664862296232e+02
4.687009785827457904e+02
1.658698135049655491e+02
3.375332513488344830e+02
4.923768527400933408e+02
1.790368845782232086e+02
3.659517249372981382e+02
1.411866836323087000e+02
3.986595436706312512e+02
1.756672599259293861e+02
2.425518904534480953e+02
2.275139477543989415e+02
3.310157760607318096e+02
3.015616569514654088e+02
2.960786063411451892e+02
1.752564594686995747e+02
4.847821650454661722e+02
2.667387387869170539e+02
2.485993214752748770e+02
2.058821666090710210e+02
3.268698678824549688e+02
3.006031138737035917e+02
2.306357765227940320e+02
3.101611790200200289e+02
3.768603723015980336e+02
2.342182716530599862e+02
3.316942910215095708e+02
4.062024390252862531e+02
2.598225209503682436e+02
5.228109434503980992e+02
3.392233621977570124e+02
3.718198151394512934e+02
1.669008935270028360e+02
2.853577606277971768e+02
2.392425082501848692e+02
3.314624647664667805e+02
2.821853340400753041e+02
3.220809831050284515e+02
1.440064904333826803e+02
2.547165373771301802e+02
1.192510283798298616e+02
1.518233435819225576e+02
2.796228794754487126e+02
4.090858181273163154e+02
2.554679283147617923e+02
1.955136866932115822e+02
2.335943256498431708e+02
2.168546307493118377e+02
3.040908611196969673e+02
1.620975597917293669e+02
3.160518191774847310e+02
1.559706488282517114e+02
3.512747710900304696e+02
2.820265537743406981e+02
3.035810004867001908e+02
3.687461739270910357e+02
1.532505219563090861e+02
3.474290883569590846e+02
1.446201773124981003e+02
4.097094388642105969e+02
1.648461659901432199e+02
3.361963069329238465e+02
3.863703074322947373e+02
4.590248222192103071e+02
1.099087777320328598e+02
-5.345391008319539594e+01
2.918442318360007448e+01
5.423902939656137789e+01
4.080761374023848020e+02
4.476140365174040880e+02
-2.816372182889014297e+01
2.845615578903981913e+01
3.009122664588214207e+02
2.455120547305782850e+02
8.134231381826241147e+01
2.294227958230620175e+02
2.467580062323810637e+02
4.634854939606821489e+01
4.186346290513320696e+02
4.733959166623891690e+01
-4.461099564915176074e+01
-4.162593772577547213e+01
2.253356176316372057e+02
5.280451077045489683e+02
6.474440035387451076e+01
5.175221722073553821e+01
1.758622184477854091e+02
3.874106384386360560e+02
7.224118876802977240e+01
5.247734466658688461e+02
3.001662033941203731e+02
4.221486950676757033e+01
3.040908248863133849e+02
8.105662748597420659e+02
4.087308943645370505e+02
3.370888850380524673e+02
3.017094506860522642e+02
3.344275532174473256e+02
2.390580097286965326e+02
3.188944560610135071e+01
3.480987668007808793e+02
2.677129412283998704e+02
2.214585132742930114e+02
4.280864660821592338e+02
6.074780081943348478e+02
2.509539051837741397e+02
2.720848864895309589e+02
5.051961666632827246e+02
1.763628611318116270e+02
2.069197670555352317e+02
4.496064435451229997e+02
5.177223894706673946e+02
4.476977604926952381e+02
3.021982119588045634e+02
4.686282202216887072e+02
7.600289325236923332e+02
5.485987611011422587e+02
3.219169068461993106e+02
7.186103853501342655e+02
2.748968478091866245e+02
7.982680890049065283e+02
7.635985280590531374e+02
-7.209299822496393340e+00
1.768857231745014360e+02
3.656540573822853730e+02
6.251168546076590360e+01
3.465954867602902709e+02
3.613123350608786382e+02
6.920172518746740025e+02
1.008711554130151598e+02
3.872535119046266914e+02
1.837482398633821106e+02
1.738984180378601252e+02
2.437076406178821344e+02
1.373176595776463671e+02
6.831559469940073370e+01
6.861213129400056232e+02
5.700844223436795346e+02
4.601529866330363916e+02
1.764880486102951238e+02
7.147976874655969368e+02
1.085744177379650182e+03
4.026895999147602652e+02
1.890591024372917062e+01
1.109358510636139727e+03
2.814107621965514454e+02
1.312891486070894018e+02
6.031619912560295234e+02
2.808620473432305857e+02
5.114124178309508579e+02
3.733992336763190565e+02
6.535913399661800440e+02
1.562572047926859398e+02
8.592446164799116559e+01
8.900265848526609034e+02
7.376903221598571463e+02
8.871471404298208085e+01
2.145184063126250749e+02
2.335699336805663222e+02
1.165272315985358631e+02
2.312053215641502959e+02
5.345793242411435813e+02
1.411687181996637150e+02
1.308516436933950047e+02
4.920212584760490699e+02
6.749104103474567182e+02
1.149536653384469815e+02
1.922089778798689679e+02
2.205606655130700489e+01
3.452398972343060564e+02
1.806982943729647957e+02
1.494598128397131234e+02
2.514152545584785230e+02
2.320374865941717246e+02
2.337880080327686301e+02
1.834830493878966706e+02
2.108833212612450154e+02
3.768255328904285761e+02
3.142815000082763959e+02
2.494044794976053652e+02
5.924324196185077653e+02
2.356137641965325145e+02
3.077901248781864183e+02
1.317726454004963728e+02
3.065093432308719912e+02
9.292363747183790679e+01
1.211796317074341971e+02
1.699609502531022258e+02
2.433835966841546110e+02
3.236092518097551363e+01
1.627305857021841291e+02
1.047857572570496671e+02
1.399295461402036267e+02
1.622371972569976037e+02
8.691130586240625178e+01
3.803442018120566672e+02
1.148423467915132434e+01
1.600911844117412670e+02
4.406562821734363524e+02
1.109242853233268534e+03
4.901546992485783107e+02
2.614034111294988065e+02
2.225799707689308491e+02
3.338807639339784714e+02
7.052585452413397888e+02
5.865187508769731295e+01
2.288308377956800257e+02
4.567343440697540018e+02
1.834481709867905508e+01
1.044255770673525490e+02
1.344543758163135010e+02
3.825861675757809621e+02
3.530955536716926986e+02
1.057953901868560479e+03
2.539861219887588959e+02
9.132566967573842476e+02
5.724725548584403896e+02
1.034469820392967421e+02
3.631136579990327391e+02
2.697345029488038222e+02
2.880174023319146954e+02
9.325241460900419099e+01
4.376336069417731665e+02
1.686633264106303542e+01
3.751938438348238378e+02
3.167271242291257636e+02
2.455310031771711010e+01
7.515196087253068526e+02
2.813435085131962978e+02
3.589082646749989749e+02
4.439829449762360980e+01
2.054436586097067448e+02
-8.830461578932775168e+00
3.336784174402422423e+02
1.812824985609946111e+02
1.881533449545579231e+02
3.695183534845800182e+02
1.290789105982667593e+02
4.937908451962094318e+02
4.096694032537439512e+02
3.892976668565553382e+02
4.678952472132776279e+02
3.530381225170758626e+02
3.654889471120987992e+02
4.002488697473419847e+02
4.909064888851127648e+02
4.362069638333651511e+01
1.865729956089755603e+02
1.411483415188786239e+03
5.152612594343569299e+02
5.531612941845738760e+02
2.170887457788896029e+02
6.041368560585710412e+01
4.190246906318165543e+01
2.097973517480732539e+02
1.156052116846133089e+02
-6.187284203919807624e+01
4.459577538211460990e+01
2.492787854988257266e+02
1.150451493798648016e+03
7.915807606046769251e+01
1.698680712036152158e+02
4.210670979745593741e+02
8.045157782746307475e+02
4.645713538955766921e+02
8.889699883593020786e+02
4.768483708915748593e+02
9.432619824296956494e+02
3.832405690506741962e+02
1.533563083104554892e+02
2.905981445283451876e+02
4.829015532506194859e+02
6.152802442349961893e+02
5.341325999772664090e+02
7.236765822382519673e+02
2.602908958320305715e+02
6.292127623538528951e+02
7.116156710138401422e+02
4.377323229585255149e+02
7.506349366033552997e+02
1.186017041734947043e+03
6.317160518056632554e+02
1.294669941032014322e+03
1.088294823124631876e+03
4.389887250782651904e+02
5.101379964480869944e+02
4.256542022542952282e+02
4.823559242401647680e+02
3.609464612560980186e+02
4.541692336555746579e+02
5.678020855416556287e+02
4.457775954937511074e+02
5.381612425465600609e+02
5.351476442632965700e+02
2.215008577541524630e+02
6.588932989428047904e+02
5.026908595493149505e+02
3.748977121460475246e+02
2.490668384666720954e+02
5.846363979700455502e+02
1.553113969474843998e+03
4.446780136228704805e+02
2.195634800651158400e+02
5.634561721070282374e+02
4.943999271552941650e+02
1.520000126606760432e+03
4.402385410949304401e+02
1.859876187698575677e+03
3.322662223185811285e+02
6.718515106424774785e+02
3.577902143933466732e+02
5.097067342669457730e+02
1.894187622204496392e+03
1.342988153079442782e+03
7.577017156873373551e+02
6.706939190694454282e+02
3.316199097605468182e+02
2.504959291453082812e+02
7.149911363671932349e+02
1.272038234889609384e+03
4.743578600799697824e+02
1.632718081379733349e+03
3.296934717613847283e+02
1.052457871868807615e+03
7.022786484081528897e+02
2.265478438461878454e+02
7.752445621645190386e+02
4.976948269997670877e+02
4.232891479924616078e+02
9.114866948837170639e+02
7.270212574364189777e+02
8.544220146366113795e+02
9.155526124369625904e+02
5.572585495050217332e+02
5.724246392535933410e+02
1.344212670848818789e+03
9.673810718148630485e+02
8.109418472931079123e+02
6.723923323444848847e+02
1.111949213608740337e+02
3.342581880048364837e+02
1.214962397162374828e+03
3.983376960225804737e+02
1.844514546474806309e+02
2.899157011336293976e+02
6.679778719368754309e+02
2.015027944732560456e+02
5.840351171264848062e+02
1.402308045579117334e+03
2.420079827631137164e+02
5.008241337902226746e+02
6.050595027600244293e+02
6.212469728085791303e+02
6.846840282457420699e+02
9.402414840285242690e+02
9.881549401174243030e+02
1.164315456441453307e+03
1.695435866506641787e+03
1.082643825783702368e+03
9.846199764756071318e+02
5.303742951561034715e+02
3.531305009417390011e+02
4.776373597596992795e+02
5.896212623379901743e+02
4.755440912832296476e+02
3.614400765500458306e+02
7.898854544452501614e+02
4.673297583737444825e+02
1.598438311906254512e+03
2.838016483578495013e+02
2.171821718182791017e+02
1.831112269703615141e+02
3.465747574891436216e+02
3.033974526703079277e+02
1.015580067785959955e+02
9.466754023756741390e+02
1.571032490478110901e+02
2.103323379428440489e+02
4.515859606285238925e+01
6.660108536256709613e+02
1.116871327399034499e+03
2.795570500341924571e+02
7.243196415288922481e+02
6.435903419586677501e+02
8.179988686122742365e+02
1.767821616805473752e+02
6.835510280544884836e+02
1.005189502702181926e+03
3.721917933343224831e+02
2.687607798121100018e+02
6.717073293571297654e+02
2.538480043304965648e+02
3.730857007753513130e+02
1.257164941116846421e+03
2.849067394321690472e+02
5.286607683609312289e+02
4.094495433929003525e+02
1.382876594347669368e+02
3.658928870539274953e+02
2.594744226318340452e+02
1.827838394216027211e+02
1.165152430672903989e+02
1.434951837938835752e+03
1.086399929040968999e+02
1.210327516365537548e+02
1.304026805743397972e+02
1.162876883696720398e+02
1.147356434957281266e+02
1.453240381187349328e+02
1.954339720272427883e+02
1.048540412619761781e+02
1.287955507758052249e+02
2.278296605409090603e+02
1.188938540006103324e+02
1.110416032467554260e+03
5.775869950751177839e+02
1.152872731800418364e+02
6.658056132888543743e+02
1.088687217160858438e+02
2.150583846248272494e+03
1.473316049834592434e+02
1.121594842516442867e+02
1.121363397890631717e+02
5.666449859911156182e+02
1.179033827901671145e+02
1.362019167598503202e+02
4.384156575296063352e+02
1.312674211334770575e+02
8.458154759395569045e+01
1.436528845224043607e+03
3.339377082097294078e+02
5.101325593115097377e+02
6.706965440711028350e+02
1.095671211199691584e+02
1.796596527740259148e+02
1.347770790055322550e+03
7.361479000594456465e+02
9.797952380809603028e+02
3.396686655014031544e+02
1.214155108122516253e+02
4.039070569207432868e+02
1.565334284236047608e+02
7.149342157497616199e+02
6.204427309162718984e+02
1.900135890912775665e+02
1.463633048862343912e+03
1.467488915420601359e+02
1.921536159533835075e+02
1.101907573569525880e+02
1.756938377162444340e+03
1.576397759232393128e+02
6.480737246858323886e+01
1.449266277084974206e+02
1.249847280641265343e+03
1.322015731163693999e+03
2.839671645665785036e+02
9.163144046524540727e+02
1.735863671096142298e+02
1.387326341109877035e+02
9.867121021041795004e+00
8.538936034524629122e+02
6.197840898050799296e+01
8.530854109402017684e+02
5.124535239890822140e+02
7.796392838520722535e+01
5.778227764030856406e+01
6.181828533376525456e+02
3.275780724570398661e+02
6.379788263853761521e+01
2.550388623145818556e+01
4.804649285942358574e+02
2.108498636576861827e+03
1.571954150740120042e+02
1.694147891705986808e+02
1.710727354729106764e+03
1.977071276085581303e+03
3.582445038091236711e+02
7.259853036122285630e+01
1.653623030063656188e+03
1.206763845933447556e+03
1.454724195621483318e+02
1.047789820901437281e+02
5.603952541566713990e+02
6.182444295488236321e+02
8.376240299213904450e+01
7.330523398251469303e+01
2.785256320710752789e+02
2.893304303123938439e+02
1.370122022235178974e+03
2.523170682927060625e+03
2.735690337145564399e+02
4.985177528116367967e+02
5.412370284753902752e+02
1.068537585377881101e+02
1.192282541950051836e+03
2.635495264694015987e+02
3.590358526189431245e+02
1.204994262866286817e+03
8.232787640181940105e+02
1.848272222555642429e+03
1.527695527139801243e+03
2.638096177011798318e+02
1.115660853223518103e+02
4.026292313621728454e+02
1.464333382576329086e+03
6.110709255025421953e+02
2.526325738698044745e+02
7.142649402281607536e+02
1.950027373000631883e+02
1.124911332930197005e+02
1.594632386606858972e+03
1.890386633580855460e+03
2.159243664100561091e+03
8.526150690229603697e+02
1.152360753986166628e+03
1.298817402278458530e+03
1.299402823640090674e+03
1.531619698272013920e+03
1.765016067674097542e+02
2.252471332651402847e+01
3.371841938120653026e+02
9.965849275775949536e+02
1.656579728724398421e+02
5.826805681212829313e+02
1.520311044993732992e+02
1.996804370434748535e+03
1.752649275107558537e+02
3.554227358312096499e+02
2.880118947816014270e+02
8.885199467374005735e+02
4.368215281744446656e+02
5.369511901907363836e+02
1.319826935835771792e+03
1.239172045535144662e+02
1.210150702523580613e+01
4.068996357255906560e+02
8.063482513344476743e+00
1.289557073331383435e+03
2.039909662889875506e+02
1.065725911018499346e+03
6.762971684047815302e+01
2.785785790179078845e+02
2.070612429148490037e+02
-2.136905818872520157e+01
1.807286957579580076e+02
4.059662429922570936e+02
4.026741921359947014e+02
1.647887970953235936e+03
1.551627711035380059e+02
1.597267450782541800e+03
1.979920763996864935e+03
1.627134861679002995e+02
1.352544744571174249e+02
3.382667342168088908e+03
3.104894880117020421e+03
1.304457982700719469e+02
2.921557792254854576e+03
1.973246740389841079e+03
3.300190415413399592e+02
2.441857930074765136e+03
2.051377905316123361e+03
1.858060428073274579e+03
1.955393221642091930e+03
4.015199494272522998e+02
8.683943636102827668e+02
2.443789440917753382e+03
2.139754583699732677e+02
8.442038681303228032e+02
1.794999180011528324e+03
3.577286595543130261e+03
2.012025246528353364e+02
3.133298041677307083e+03
2.937879894302574485e+03
3.877337636890593785e+03
1.100442363495887093e+03
1.654300144403843547e+02
2.359331954826517631e+03
2.824881621298041409e+03
1.524205830293165320e+02
1.761856259899177076e+03
1.311717678725606447e+03
2.712962148041670389e+03
3.590080026225952679e+03
3.514447731300390842e+03
4.584271864613569051e+03
1.644974874684744009e+03
1.877059900171964500e+03
3.833758868225846982e+03
4.467679290091650728e+03
4.066538640348540412e+03
8.014292372846857688e+02
3.639934962371811707e+03
4.316065234266067819e+03
2.725913337998665156e+03
4.044321583516662486e+03
3.447866514912032926e+03
3.530803001931388280e+03
3.620524941341012436e+03
4.286321673870086670e+03
1.166340475924367581e+02
4.304355042191206849e+03
4.751244986084006996e+02
1.041074686794612717e+03
2.420787592739274714e+03
4.252014316410293759e+03
1.895265450195201538e+03
3.546547851276503025e+03
1.017397262992444809e+02
2.162082353544526086e+03
2.250948213894169385e+03
2.096757855126132654e+03
3.816129126931943119e+03
1.333804796529332748e+02
2.820027539676409106e+03
2.478155422146042838e+03
1.371115565803775951e+02
2.529682254276983713e+03
3.944591920272195239e+03
2.107618738587893404e+03
2.225950675679476717e+03
1.169743851861993136e+02
3.876546698466135695e+03
1.602359157577544920e+03
2.885494086846615119e+03
2.065384700251735239e+02
4.058064490944258523e+03
3.019795899906564500e+03
4.036900432693145376e+03
1.247787615283576770e+02
2.242111600148540219e+03
2.284957230516411528e+03
3.320006040813508662e+03
4.699930055247856217e+03
4.582071017900559127e+03
2.576295824819748759e+03
3.216391095325709557e+03
2.958387543702477160e+03
3.475688748238775588e+03
1.725887658803087561e+03
4.537409072199559887e+03
2.342698243663537028e+02
3.676165354958006759e+01
1.500093940452704260e+02
4.396317757968444084e+01
3.257499298707634352e+03
5.093180277585609161e+01
4.738571539275422765e+03
5.982839688832199272e+02
3.666605297920803878e+03
4.739823346202055291e+03
2.982325589639379473e+02
3.543561661389179335e+03
2.185125466903479889e+02
3.507384257313755370e+03
2.938937639585249073e+01
4.740584129160224620e+03
1.315997472212353046e+02
4.846117010023747753e+03
4.353686751457069448e+01
4.700916464055177130e+03
4.145775247789218156e+03
1.767016543177800258e+02
3.587150133238941180e+03
4.805253171776020281e+03
2.187860881571220034e+03
4.849042573528276080e+03
2.883529189155143740e+03
4.461694096208916562e+03
2.638655920925199553e+03
3.917885522451325869e+03
3.294117731018792256e+03
5.063160768711322817e+03
8.063114687374965115e+02
4.104176824322486027e+03
3.411444908753265281e+03
2.568972508520242172e+03
9.138954547060507139e+02
3.610570770841130070e+03
4.996226053990425498e+03
4.423877107201324179e+03
3.653230505968175521e+02
4.795418942738629084e+03
1.895870742721659497e+02
9.421998337772714649e+01
4.529093267731319429e+03
5.048264823930661805e+03
4.879461963371815727e+03
4.993765765162427670e+03
3.944089907389620294e+03
4.693404805269745339e+03
5.230056045463683404e+03
5.042084969454645943e+03
4.754293101549163111e+03
3.371226953842824514e+03
4.449498074067338166e+03
3.224413679137897816e+03
3.368901822150572571e+03
1.089350001634715994e+02
4.684478852741517585e+03
3.384762363556665605e+03
4.777502264428423587e+03
4.692884954891715097e+03
4.771356714163041943e+03
4.397044611734103455e+03
2.248930570350633388e+03
1.357366412713021191e+02
2.169083297814624530e+03
9.470513125931495324e+01
4.956153436948853596e+03
1.305770909998634579e+02
5.003755071915775261e+03
9.585067437123909428e+01
4.527746198021131022e+03
4.520005605466556517e+03
1.380583496854170846e+02
1.442556505646226128e+02
2.820770087282670829e+03
4.291607035869537867e+03
2.925954929692852602e+03
5.041206284573432640e+03
5.002356305024283756e+03
5.005653738322399477e+03
1.918927344309009868e+03
4.874287755333790301e+03
5.088319273749401873e+03
5.083238328140454541e+03
7.862655645755802425e+01
4.870382717246287029e+03
4.956756301906064436e+03
5.038268306168623894e+03
1.411362839685431538e+02
1.285725941756656141e+02
4.515604524530869639e+03
4.998429252306311355e+03
5.004625356607059985e+03
6.009882543360766931e+02
4.996888867261629457e+03
4.943549392584027373e+03
4.943237932911788448e+03
4.896516897452474950e+03
3.421027206704135551e+03
2.963278686779806321e+03
5.096389973231194745e+03
4.950473783837082919e+03
4.624033827105648925e+03
4.959628564889477275e+03
5.121384998785391872e+03
4.902044808056194597e+03
4.750481175761170562e+03
5.170196426069021982e+03
5.238017285495378928e+03
2.349362866896889045e+03
5.139679892874739380e+03
5.076884269798427340e+03
1.909957741317035016e+03
3.171549418070813772e+03
4.561253494314321870e+03
5.124367961555484726e+03
5.075380606779282971e+03
5.128540872438190490e+03
5.019872243618110588e+03
5.039037276118337104e+03
4.709858049334960924e+03
3.243052037860815631e+02
1.581101121341163207e+02
5.166499107633597305e+03
5.129718507815118755e+03
4.769063604754571315e+03
5.219449833504268099e+03
4.977115506872053629e+03
5.129163646049524687e+03
2.390663343648440787e+03
1.854794564093336362e+02
4.739865441067239772e+03
1.705621486844811159e+02
4.985145504817207438e+03
4.147333765313745971e+03
3.155617323565141760e+03
5.156838344862517260e+03
4.996569520409032521e+03
5.170888884577671888e+03
9.435774571742406636e+01
4.981095354403386409e+03
4.741298575600864751e+03
1.311228702054115445e+02
6.780158606412387599e+02
4.032713557500084335e+03
5.030850927790328569e+03
5.065101258711722039e+03
3.122687986062281951e+01
5.145033107566976469e+03
5.091272365881876794e+03
7.378863586220417119e+02
4.529392907569233103e+03
5.053058602962101759e+03
4.990671925629340876e+03
3.555998977289088003e+01
2.069630308748217118e+01
5.012643945829828226e+03
4.949615798028821700e+03
5.145620613681419854e+03
4.969030697804821102e+03
5.215305699756792819e+03
4.764381319477200122e+03
5.383339703908782212e+03
3.242106309621102156e+01
4.691486044461040365e+03
4.989312579664583609e+03
5.022240385819522089e+03
4.690646654714524630e+03
1.275234315565354564e+03
2.700401388944170122e+01
5.154341483224749027e+03
4.504165533492511713e+03
3.995808244834286597e+03
1.170583178050984117e+02
4.940903459239717449e+03
5.533520443853065984e+01
4.734499580037180749e+03
5.063341999020039111e+03
3.705966548588428395e+03
5.051305744559469531e+03
5.010020668180679422e+03
9.504565952324402645e+01
3.570210058802580306e+02
4.032768582071816127e+03
3.606979040137632182e+03
3.004939300638073796e+00
-7.131854310113538986e-01
3.034291137095092381e+03
1.645490340362302106e+02
1.355349759288914413e+02
4.589961253755724613e+00
1.726444948314491468e+00
4.617641511389456355e+03
5.039506261693899432e+03
3.708293403603269780e+03
4.232104417811945495e+03
2.532975707141455587e+03
4.902773224061701512e+03
2.349677327489909658e+03
5.172658626307317718e+03
4.971422820343182138e+03
5.195842301345035594e+03
5.309177856134871035e+03
2.363335725609347904e+01
5.066606359203881766e+03
5.227978761844774453e+03
4.721966165868508142e+03
5.289793682483317752e+03
4.571930227472770639e+03
5.029437368865305871e+03
5.192546078931874035e+03
5.270078958936205709e+03
5.151286211785666637e+03
5.273012808032636713e+03
2.383309501283796180e+03
5.291018240787650939e+03
3.237246907917024600e+03
5.183008290552413200e+03
5.227017299826900853e+03
5.263041350911864356e+03
4.628387042622076478e+03
5.136176444793039082e+03
1.966597045924715736e+00
5.222868460285729270e+03
3.221168219893113971e+00
5.261794337758103211e+03
5.157294677930215585e+03
5.181216952018135999e+03
5.070994643516695760e+03
5.303350291356606249e+03
4.911157118121124768e+03
5.356841512009749749e+03
5.191045811019724169e+03
5.041151129745211620e+03
5.385710202148888129e+03
5.032596723578574711e+03
5.164565602136529378e+03
5.307385387669703960e+03
1.400640565847313113e+01
3.822232132872009061e+03
3.439264934150186264e+02
5.139273465039896109e+03
5.311331102378821015e+03
5.345115492992067630e+03
5.075973359542528669e+03
1.851110829401231683e+01
5.400879109856555260e+03
5.314641333170621692e+03
2.002717363074271617e+01
5.292525990127116529e+03
5.270381178477888170e+03
5.391341421258909577e+03
5.417794800182796280e+03
3.673829819905469776e+03
5.218590986643118413e+03
5.047281729466267279e+03
5.452591956676943482e+03
4.958005946522981503e+03
5.213013182797740228e+03
5.327374092234800628e+03
5.200717017231350837e+03
5.009896225537437203e+03
5.389953377892556091e+03
5.371165808121403643e+03
5.225078168446759264e+03
2.292031998195115648e+03
5.151074549906081302e+03
5.112512647490593736e+03
5.472495785971297664e+03
5.268799940541979595e+03
5.513830563204426653e+03
5.409687017038778322e+03
5.128873248849607990e+03
5.408475350944610909e+03
2.456825469675152078e+02
1.910715910072568420e+02
5.176803825491540920e+03
5.261729121020386629e+03
5.231451263123990429e+03
5.515078383770161963e+03
5.202424960003841989e+03
5.122249319914872103e+03
1.210342210479301002e+03
5.392354009129370752e+03
1.911180204844575201e+03
3.563601548593076132e+02
5.121914500875347585e+03
5.048526182940197032e+03
5.250784336637269917e+03
5.514225692254321984e+03
2.114327566745901095e+03
5.224034723758502878e+03
5.207845722763841877e+03
5.278186717360981675e+03
4.940537423442407999e+03
5.229288543248670976e+03
5.281402404142778323e+03
4.905036504871444777e+03
5.263797494656467279e+03
4.846441239801434676e+03
5.351244857905556273e+03
2.993409349455994743e+03
2.622330346506346359e+03
5.205782632347726576e+03
5.343679643773664793e+03
5.288655255906987804e+03
5.289840268310059400e+03
3.778437153624614439e+03
5.265120724291727129e+03
5.308162896226749581e+03
5.004866213685007097e+03
5.402868699598715466e+03
4.962488746621070277e+03
3.082325432070052216e+02
5.477230642659868863e+03
1.760121879161665447e+03
5.356838988747296753e+03
5.306707674209081233e+03
5.049274259814123070e+03
2.377529880225638408e+02
5.231344834419536710e+03
5.250486153615521289e+03
4.992347420291685012e+03
5.220883111372157146e+03
5.402950531964645961e+03
5.280321074064894674e+03
5.225347106890799296e+03
5.309714263993131681e+03
5.368036261200761146e+03
5.017757201937785794e+03
1.103559134818508767e+02
5.367440431074710432e+03
5.436008820744381410e+03
5.151029007075998379e+03
5.333168185236211684e+03
5.518206654200669618e+03
5.276792540989089503e+03
3.742161071700136290e+03
5.684406017195604477e+01
5.032436465135222534e+03
4.907300972736471522e+03
4.984677885177939970e+03
1.636405456225378998e+02
1.530535190199223621e+02
5.333790716406070715e+03
1.443463258131004068e+02
5.309281114151024667e+03
5.461296562227900722e+03
1.317953324657645737e+02
1.483742139818942007e+02
1.182973390830558458e+02
5.365996312107688027e+03
5.203417461257088689e+03
5.345823172779740162e+03
1.477618694016824179e+02
5.556683388455659042e+03
1.315597439111188578e+02
5.370752799492694976e+03
5.210334739700080718e+03
1.635415334824215847e+02
3.617867038032051141e+02
5.589600196917876929e+03
1.744201270904945886e+02
5.015541177009940839e+03
1.192375390556045858e+02
1.181087774073245100e+02
5.100700148238430302e+03
1.238131239347228814e+02
4.997512402990806549e+03
5.194132846329885069e+03
5.014086879374316595e+03
1.631165484559211905e+02
1.702914765060236277e+02
5.247372901659296986e+03
5.479279389663977781e+03
1.857345983973033583e+02
5.452012537824820356e+03
5.340397526575453412e+03
5.202508147446483235e+03
4.865658591891710785e+03
5.321721602084483493e+03
5.581554089319657578e+03
1.824417481388702527e+02
5.248095698911231011e+03
5.416020023443392347e+03
1.353827840816956041e+02
1.545103120674128832e+02
2.022979976607916512e+02
5.302677368102170476e+03
5.435111181302700061e+03
5.316947392983096506e+03
5.071403893534349663e+03
5.293379118800995457e+03
5.492636695782322022e+03
1.533067352536178873e+02
3.073491215020769118e+02
3.222403094363505716e+03
3.046408408310290724e+03
3.401712164878942531e+03
5.425849518570535110e+03
5.525004550186235065e+03
4.874647290883766800e+03
5.449838435747715266e+03
5.550597383969957264e+03
1.319054564417126358e+03
5.381676210815790910e+03
4.548356162964773830e+02
2.047141000536749971e+03
1.640733942876499611e+02
2.304316815752662251e+02
2.385634199933930688e+02
3.308233205133426509e+03
3.926446597633042074e+03
5.488339367410242630e+03
5.472202290901189372e+03
5.482466108561655346e+03
5.320423121387072570e+03
5.190547149587603599e+03
5.344867234847358304e+03
5.440646340584282370e+03
1.262734073289817900e+02
5.174399276213616758e+03
5.481040622014561450e+03
5.280960563581209499e+03
5.188981093824382697e+03
5.232611277576563225e+03
5.405054505628978404e+03
5.337272377731673259e+03
5.159219074927414113e+03
5.468131306865780971e+03
5.320208831260280931e+03
5.421701567023456846e+03
5.208321652516538961e+03
5.349760692843596189e+03
5.372161955399833460e+03
5.294732349157234239e+03
5.236311440256465175e+03
4.601999669039507353e+03
5.408166207136367120e+03
5.410504009340977973e+03
5.236271172896435019e+03
5.350546474423850668e+03
5.338352047074785332e+03
5.289237058074413653e+03
5.394928506194160946e+03
5.330518148594608647e+03
5.371372901705087315e+03
5.456615400354884514e+03
5.359861260240555566e+03
5.240494718288245167e+03
5.298693890802636815e+03
5.434822174092810201e+03
5.448894255395004620e+03
5.460798199210013081e+03
5.395475310966916368e+03
2.842595612812188847e+03
3.141822658660028537e+03
5.413520184247434372e+03
5.287891698731304132e+03
5.336577327850846814e+03
5.480303690817931056e+03
5.297013737509238126e+03
2.935362071746112989e+01
5.356602515780137765e+03
5.230665451192468026e+03
5.313674115088806502e+03
3.771626344575225289e+02
5.114811702992185019e+03
5.267675422745170181e+03
3.243917492632876787e+01
2.674910446767571059e+01
5.257014601122266868e+03
5.287580157396375398e+03
5.408272988265961430e+03
5.412729515979780444e+03
4.437837369275238416e+03
3.352596864570492130e+01
5.447389458232119978e+03
5.361504076305437593e+03
5.553858989208228195e+03
5.451406076676029443e+03
5.417009693317535493e+03
5.471890589110412293e+03
5.462287744727877907e+03
5.333872536038427825e+03
5.497785291818847327e+03
5.512031005099824142e+03
5.525409870252419751e+03
5.296216106764363758e+03
5.525669547958111252e+03
5.388214336081540750e+03
5.347893466556727617e+03
5.185371939890474096e+03
5.303073891650371479e+03
3.293468487640973663e+00
3.212563953173041227e+03
5.378118577613898196e+03
5.372676288615915837e+03
5.541882137260810850e+03
5.345918483975129675e+03
5.404546284572380500e+03
5.576171400098230151e+03
5.409551522391263461e+03
5.372241520418097934e+03
5.310477752346987472e+03
5.344629074502503499e+03
5.359513553095998759e+03
5.442347476251545231e+03
5.331843943081968064e+03
5.465461251650514896e+03
4.897090389217885786e+03
5.323237033191557202e+03
5.276585555220421156e+03
5.354269914615009839e+03
5.273554477272484291e+03
5.247587351528642102e+03
5.315270466440249038e+03
5.363564522061360549e+03
5.368434647222360582e+03
5.423306177178072176e+03
5.466528164989638753e+03
5.538478474132209158e+03
5.162982749116174091e+03
5.486035206709298109e+03
5.410088986275794923e+03
5.240646351170603339e+03
5.455907272140472742e+03
5.416271604641739941e+03
5.403647330436886477e+03
5.437500918964291486e+03
5.484458293496597435e+03
5.376492957512110479e+03
5.469552335837498504e+03
3.247937616498605166e+03
5.469053523581966147e+03
5.220084738321682380e+03
5.311754967713276528e+03
5.379131867239363601e+03
5.530397996425193924e+03
5.359755938256636910e+03
5.500457835744644399e+03
5.406463198655082124e+03
5.344551452912333843e+03
5.255069826882040616e+03
5.347134967213297386e+03
5.264670739926223177e+03
5.522384375533157254e+03
5.315264566628446119e+03
5.501772380031205103e+03
5.376629712839857348e+03
5.386431215324350887e+03
5.410614677910803039e+03
5.452462885432156327e+03
4.558823285094311359e+03
5.521100837389585649e+03
5.380533894875444275e+03
5.407274739295012296e+03
5.397382086446284120e+03
5.368357128891982029e+03
5.427514140466316348e+03
5.379056524442517002e+03
5.448890945542201734e+03
5.384914004719122204e+03
5.389212639693594610e+03
5.306700255714837112e+03
5.600859342586827552e+03
5.509896887623659495e+03
5.407560331808864248e+03
4.909349499763797212e+03
5.354851469510421339e+03
5.402129866861909250e+03
5.467583895432318059e+03
5.453229573730989614e+03
5.532165163810823287e+03
5.534204783173600845e+03
5.510400345158699565e+03
5.507258214409058382e+03
5.429906275899938919e+03
1.151294859372417250e+02
4.939774470671089148e+03
4.881123506781011201e+03
6.148093697600997132e+01
1.172257725670308872e+02
-6.575118908071115875e-01
4.951815729197940527e+03
8.858132985937663761e+01
5.386261388977210117e+03
4.752289170674098386e+03
8.715343988368255168e+01
1.944934929903272192e+01
4.624932831053640257e+03
4.969324320581904431e+03
2.486195113244870640e+02
4.922046397588736909e+03
5.368321880410959238e+03
5.458052300088967002e+01
5.101738350435217399e+03
5.079046190893018320e+03
3.517851024405195403e+03
4.826928814611123016e+03
5.409444467385793359e+03
5.571426208505498835e+03
5.642034901573962088e+03
5.431631084317041314e+03
5.511702758385472407e+03
5.310798845218675524e+03
5.122262630270734007e+03
5.587778377130137414e+03
5.178580768371843078e+03
3.843087614762551311e+03
5.488034325700486079e+03
5.055886541688350007e+03
5.557143906985916146e+03
5.212501416765927388e+03
2.016951946038027927e+03
5.584054940743116276e+03
5.492885328940755244e+03
5.457652965199174105e+03
5.632029400908083517e+03
5.163322290465179321e+03
5.500998362988682857e+03
3.928365470345203903e+03
5.378434428250692690e+03
5.426906195522799862e+03
5.524348224694159398e+03
5.517493935674268869e+03
5.607737597748042390e+03
5.200547709791732814e+03
5.594699305462670964e+03
4.432772250058884538e+02
4.493269005769758223e+03
5.545179759487175943e+03
5.548549859940414535e+03
5.431835900557880450e+03
5.477507413665523927e+03
5.735425343635878562e+03
5.506620589227111850e+03
5.484911376309744810e+03
5.347553847167852837e+03
5.508434395001629127e+03
5.368128977283635322e+03
5.528998085015140532e+03
