-4.533741734852108074e+00
4.135918773940964854e+00
-8.311585930884749729e+00
-5.037180850639913388e+00
1.481011556563222253e+00
7.413736327071149823e+00
3.860825122875223503e+00
-9.914079621368625084e+00
-1.151053320486878029e+00
6.749914258916740906e+00
-2.784519310191469366e+00
4.329989978382802640e+00
3.633088737232793575e-01
-3.217536439039821339e+00
6.574932907402978977e+00
1.763912949112497586e+01
-4.096739109552224534e+00
1.124426250497977842e+00
5.241724227744787967e+00
-7.332426879584392765e-01
-8.183019408294394115e-01
-3.562755609560249170e-01
1.200643389309222320e+00
1.183409834186223009e+01
2.418914162095672182e+01
4.608639421401210523e-01
3.298547313610126874e+00
4.814868501188399597e-01
-1.953435168819017020e+00
-7.813992506863747245e-01
2.725040021527430856e+00
-9.434607115733528726e-01
-4.228347613526050042e-01
-3.798845718925834003e-01
2.219688716511045712e+00
-2.194449018073419744e+00
7.724009645082594133e+00
4.207503582414601206e-01
-5.356149880714653477e-01
3.221357281987615728e+00
-6.833325421102099284e+00
7.914558093890061485e+00
8.857655948899093801e+00
6.680897559063144753e-01
7.371505643453335477e-02
-3.836259029126439124e+00
-2.608697860510585720e+00
6.280647977713702090e+00
-4.147728955846607946e+00
-1.564541969495753637e+00
-1.949305100374948196e+00
6.163114815497194865e-01
6.650499347523230576e+00
-2.723481270318175995e-01
4.547107281578592897e+00
-5.803581390677932106e+00
-1.639619027425835429e-01
-3.877843603194266020e+00
5.259484763161267118e+00
6.368404837187376932e-01
9.439798479428857192e+00
-2.065868957681154860e+00
-2.801773656170106097e+00
-2.786561586009063340e+00
-2.169535957386860670e+00
2.633666683997580193e+00
3.878751126035782981e+00
-3.162651908253557131e+00
8.537219447342318190e+00
9.858030545637228581e-01
-4.853584015995840772e+00
-1.804298501407301858e+00
5.671327641599428482e+00
6.502444637926926063e+00
-1.482196449301758090e-01
5.886012307634926444e+00
5.519471320676621495e+00
-1.048088204127101131e+00
6.420249655046124104e-01
4.650545362741487665e+00
2.528866724181717096e+00
1.054344972304961559e+01
3.365530870457381418e+00
7.797850804342323916e-02
1.130724504012040832e+01
1.616519016496726024e+00
1.505823187680476627e+00
3.508398911830494793e+00
5.584605552202270395e+00
4.226526949634400454e-01
-4.017065016910035258e-01
3.010785904062736051e+00
-1.948124297010673356e+00
6.165316824709106136e+00
-4.393589299021890326e+00
-7.114950553701818170e-02
-3.490479738349936967e-01
2.472064433001273986e+00
-8.287178543862886215e+00
-2.721943383480896372e+00
8.318045196062830993e-01
-2.067719386174548646e+00
2.081886148798340219e+00
-2.490025389829570113e+00
7.002979288032713967e+00
5.945206038432566231e+00
-1.841922938783091546e+00
5.965237861694798305e+00
3.889648437293879102e+00
2.351841150667851821e+00
-1.261932272118986287e+00
9.695660088662501064e-01
3.504044561400225355e+00
3.332469285873308706e+00
5.745619360708944079e+00
-6.842091513638613343e+00
8.186111032218747141e+00
-8.178699568355843885e-01
-5.659672128434040106e-01
-6.595569626700048538e-03
9.996983143008979056e+00
5.366178293707898339e-01
1.310870549371120042e+01
2.605425941391311007e+00
4.670412420219052230e+00
1.281334887831948599e-01
3.086761719410232363e+00
1.736551430524372552e+00
-5.575980715568343626e+00
4.302364600267438277e+00
4.218775481437945452e+00
5.723212487711524687e+00
1.071694544059365306e+01
5.741834975858587597e+00
3.173887577013993155e+00
-3.311574262043397998e-01
-5.516141236277314341e-01
4.611174277065402727e+00
9.125118572257442384e-01
3.229144607523885657e+00
-2.015157966723859495e+00
-1.709437633805918511e+00
1.784053579861516070e+01
9.226380787585077847e-01
9.500655894091430298e+00
-5.463453786605970919e+00
-3.340930414119919867e+00
2.329382075826005316e-01
-3.709132863708466399e+00
8.509636615013890903e+00
-2.668627865943917765e+00
5.224057846743169087e+00
-4.108333430112676155e+00
6.211939659128892899e+00
8.561680189594612855e+00
1.770452361350594916e+00
-7.344647002594872909e+00
-5.169476560022171263e+00
4.062306261763728443e+00
-6.268328016219060217e+00
-1.928993251929374542e-01
-5.003843621763437888e+00
1.109651715268292982e+00
-2.814248997576938471e+00
-1.309448017026652700e+00
7.739941375121390799e+00
-1.807274951110924510e+00
4.388122924981714412e+00
-7.178350691614879153e+00
-7.168129135108228134e+00
-7.819268168379148065e+00
1.334572907404419873e+01
-7.773047029656922291e+00
8.699094078157802556e+00
-2.519056238524021385e+00
3.996412393081591463e-01
-2.063628877839943421e+00
-3.528488935303110363e+00
-1.739650601648757844e-01
5.899610951117258972e-01
-1.818865924230332221e+00
-3.556120001009881904e+00
7.849366686617099020e+00
1.273564701544112765e+01
-1.165630109855287477e+00
6.603715941029288938e-01
1.043064513532948601e-03
1.367907565890873700e+00
7.080973526891986225e+00
9.025104564926749617e+00
3.601600351174842896e-01
1.054170786516644309e+00
3.916381770842651822e+00
-3.155078099955168636e-01
-2.424779126828846554e+00
-5.290930982946209227e-01
9.915922345805762816e+00
1.232504446525130604e+01
4.947827643833209166e+00
1.051448077429288253e+00
8.018054631671781007e-02
3.597444034977116623e+00
4.196111447782325143e+00
1.554354113408286509e+01
-5.095964854806780409e-01
2.626906388971259609e+00
5.307278870108573798e+00
-1.933536759992060317e+00
1.614949916251056994e+00
-2.523385046632356521e-01
1.013251854475062075e+01
1.101862891808176759e+00
-1.620315664473754413e+00
-5.619754826680846804e+00
2.482696409982476204e+00
8.157605191534297973e+00
-1.981998697293077871e+00
-2.548354407536113087e+00
-1.199210318197453384e-01
5.903971172823166746e+00
1.399775116298651234e+01
4.472649346230580747e+00
-5.253229478155464705e+00
-3.735515916041599382e+00
-1.996828775162240888e+00
-3.734204172609836836e-02
2.661904678150178505e+00
4.041003801856907884e+00
7.975662677210255680e+00
1.821383192898973213e-01
-7.396134045852652328e+00
1.612107212416667323e+01
2.289715410819607389e+00
4.608180473338269856e+00
3.107780550890526072e+00
-5.477786171885346000e-02
1.405027260610516393e+01
5.332000613170935210e-01
2.215472361954595737e+00
4.902567897141736353e+00
1.650527446190069192e+00
4.022376261009415366e+00
7.432241332816385437e+00
5.044209431622798334e+00
4.429244577471672661e-01
-1.859995265696656186e-01
-3.135408442944100038e+00
-1.066696470835997168e-01
-1.104727346901665719e+01
2.915675792502056551e-03
2.436690240122093787e+00
-7.708440725290014450e-01
5.090442937864129824e+00
7.455292199515567653e+00
2.258078264147143632e-01
2.847683558833630446e+00
-4.033910788698525707e+00
5.224008792886499108e+00
-6.742557106241715559e+00
3.554462224380837032e+00
-1.218642031885795785e+00
-2.026139263317479067e+00
1.144443226179918671e+00
-1.710131004755832684e-01
1.144260539650456154e+00
3.977992798900369387e-01
6.050581261693536383e+00
1.141155945271177430e+01
7.575373161581405057e+00
1.394096611232460425e+00
3.391113196476314151e+00
-3.678367673139904870e+00
8.086571411370625739e+00
2.375296288744330742e+00
9.708724075065195080e+00
-5.869015849687494679e+00
-4.328621217945903821e-01
5.170687436783643953e+00
-7.868948041885588385e-01
1.428146500180903899e+01
4.354103354183510022e-01
-4.434733764203914852e+00
-8.603229873723725607e-01
5.066211027768739328e+00
6.790396941074934745e+00
1.222861624373552303e+01
-4.186712867432933471e+00
6.797782635046353938e+00
3.607202826072289259e+00
-6.064921025860391168e+00
5.552712500284291863e+00
-5.241301623336091176e+00
2.903924412638544617e+00
-7.707558626537838187e-01
-7.402770216594800612e-02
1.972069025613015780e+00
1.725607856037114862e+00
1.227767964278029744e+01
1.273249518239086164e+01
9.390554768071769587e+00
9.192308393818805712e+00
1.214322055061475059e+00
3.438301614578590293e+00
-2.835418010602549277e+00
-1.159955996451019100e+00
3.693873144950802878e+00
-3.430121540055187879e+00
-1.801578317574963783e+00
-9.467497490865048881e-01
-3.556232181879206866e+00
5.786006118057323455e+00
-9.062603782271809738e-01
1.080434834172917213e+01
1.296595908397146069e+01
2.508698631984941585e+00
-1.742806988693795800e+00
2.035212867396650083e+01
4.516146586905177784e+00
5.676855259019017996e-01
-3.443834231583494887e+00
-7.236865107561189170e+00
5.654607941657434633e-01
2.217859333277154565e+00
1.783192083489261393e+00
1.584465804106913733e+00
4.859691437518800505e-01
-6.033344333460238573e+00
2.260373167898951596e+00
5.240366405031190666e+00
-2.129570956481447119e+00
4.082709727094200325e-01
-7.697161232158724609e-01
8.867503007110617119e+00
1.979986915600463915e+00
-1.327628712291929691e+00
1.113859507664352755e+01
5.399536947116716501e-01
5.627376067785858638e+00
-7.015427092053695191e+00
-5.444107556652673985e+00
-1.115712686288321542e-01
-3.224754529412110493e+00
-2.898775669769632080e-02
1.677077380287889108e+00
5.014026418825451969e+00
-2.123796868176644814e+00
3.603055447246070297e+00
-4.290419882069760327e+00
-1.427207264379970697e+00
7.699057202928043075e+00
-3.280186620756977867e+00
-1.997984608366475123e-02
-3.782805207197050379e+00
-3.625284738660448980e+00
-6.642070373372724879e-01
9.985379714864015099e+00
1.936285216681127297e-01
-5.101420984352471599e-01
1.090880018596087453e+01
-1.584829814768468736e+00
4.668675298948667951e+00
3.082296512971701929e+00
-1.496691377451257576e+00
-1.475103050744740685e+00
1.003096812310858343e+00
6.052998798147450898e+00
4.221005773859175747e+00
1.823064631661167168e+00
1.792478277149966459e+01
7.094421498688207040e-01
-9.346290810054835863e-02
5.322208205553603300e+00
4.939021109054071879e+00
5.715104542484796823e+00
-1.154786786738356996e+00
-1.901419442244043134e+00
3.428129411469051924e+00
1.905605689808933079e+00
-2.463488334376770617e+00
1.062669275041805506e+01
5.380473874576226834e+00
-1.479876201189731066e+00
1.880943774312916705e+00
-3.357701011390364698e+00
5.491477879798345008e+00
7.481713967214471239e+00
-1.904141602259838750e+00
3.637367840953837916e+00
-3.464538397933922820e+00
2.188065853985981857e+00
6.559803493886718684e+00
-2.101877140915918485e+00
-1.095254741036899127e+00
5.444695832882641362e+00
2.470270810693548924e+00
-2.632978850898157308e+00
3.385970448831427504e+00
2.747938524385199699e+00
-1.845412429920877173e+00
1.463929180251312356e+00
2.010538335942650079e+00
1.257072449704523898e+01
1.617077083996183884e+00
2.862417085582309895e+00
9.493988287961323991e+00
2.221408277154003574e+00
2.452641417655277323e+00
1.915000679348702883e+00
4.271457731307675587e+00
8.225646261203648502e-01
-3.693380285739336077e+00
-3.250715872717206967e+00
2.712211898193466642e+00
-2.423484455240672908e+00
3.331223442582570193e+00
1.710150359079892102e+00
2.373015073537385167e+00
2.801912899885072417e+00
3.399646974652546394e+00
9.338794097507232550e+00
-2.196389725250809999e+00
-6.032563979794225872e+00
2.437665080060898326e+00
5.102934240170236002e+00
-5.673851218343304303e-01
1.582865127903946290e+00
-4.676996823074063059e+00
6.028565266556113578e+00
-4.674709829594386079e+00
2.883272186650327917e+00
1.462788975490823651e+00
4.657634017322902054e+00
2.214778145090078532e+00
2.373743909842325195e+00
-2.845725857220950061e+00
7.607540230765507339e+00
-4.784812577815610979e+00
8.974497308364259851e+00
3.896088099219752188e-01
-7.258951241035618285e-01
-2.632477338431841396e+00
1.296434023048381867e+01
-1.871449514470713060e+00
-3.077984813188472391e+00
8.533151739035714556e+00
5.107827132196820052e+00
-1.993764457526958633e+00
-6.716210645986896433e-01
5.060870343735069277e+00
3.842688913489432867e+00
-4.756034645376593595e+00
-2.785994191984686452e-02
1.280514439307271957e+01
-1.624767768220772179e+00
1.125556816146125350e+00
-3.517936402898204751e+00
-2.389150414026919300e+00
-1.333442966198187918e+00
3.308085436260378653e+00
3.971655410363631233e+00
1.016675531596965332e+00
9.802454281721441731e+00
1.589804569813550339e+00
5.690398765412073567e-01
8.418759350597893487e+00
4.986947897773013949e+00
-3.857929601675217590e+00
-6.997475330802611637e-01
-3.158183589285640913e+00
8.319308916624807537e+00
-2.086577694297856445e-01
-1.063981036266963942e+00
7.492658691330700726e+00
3.042271275963196686e+00
-2.661591385191019565e+00
-2.497230031660711280e-01
4.961247011191997736e+00
4.648058447751756361e+00
6.253804320837536679e+00
1.339230953225417053e+01
4.353390680944733582e+00
3.337453151102580673e-01
3.524428571417765887e+00
2.206161090286354565e+01
2.977811205541623263e+00
3.789334866772323895e+00
-2.147885788957643260e+00
8.045744499859065757e-02
2.929261572330142283e+00
6.287705895349299468e+00
4.943457734334825382e+00
1.939844666187585664e-01
-8.332990794480812369e+00
-1.681676782448026231e+01
1.456436225510568327e+01
2.741198440915226797e+02
2.506882815275925225e+02
1.871319753720046322e+02
5.638499031116536742e+01
2.281446239065398061e+02
2.563212761095308778e+01
7.411980128803028833e+01
4.336980360231524969e+02
2.954384203040462253e+01
2.209076029233060297e+02
3.067450307387703106e+02
4.125771205320961599e+01
1.665508474668579026e+02
1.170483818552644522e+02
-2.411380271763178129e+01
2.045325791740959005e+02
1.247117154698379267e+02
2.135837403607177976e+02
2.090671810728496780e+02
4.941020342100564449e+02
2.128310450609848488e+02
2.023775768833078814e+02
6.565036882645013350e+01
6.198259949418138071e+00
2.553858786970432107e+02
-4.885687932970940395e+00
-2.042090618382025324e-01
2.130163724931387037e+01
3.010403935385460983e+01
9.884166268622450957e+00
2.160177368111386187e+01
1.001109707175763930e+01
2.549534952177249920e+02
1.730961308068827975e+02
3.204921188563964165e+02
2.507219310511459298e+00
2.821262906710390439e+01
4.480531766480927303e+01
3.465822981459557184e+01
7.635523901696883797e+01
9.139636116946599387e+00
6.304270275218682684e+01
4.021884019177603875e+01
1.391732361004334173e+01
8.058666894615848619e+00
1.922318949931029763e+01
3.334189237454347143e+00
3.403581022217733931e+01
5.029373090749989217e+01
2.075712592836981969e+02
1.883212391563320409e+02
4.169545760195804860e+02
1.520231107903986185e+02
7.022728819201758199e+01
2.838547586233158171e+01
1.695384411302683532e+02
5.634837497642227078e+00
1.671598181015832196e+01
2.026084165320985342e+00
1.720921202089063513e+02
6.217701736468750795e+01
2.052189435062995670e+01
7.992926224769009025e+01
1.117024375047754319e+02
6.096183449694358814e+01
2.299991258373306380e+02
1.426337852918590272e+02
4.565099235905370278e+01
1.024083757600575382e+02
2.859268565176956400e+01
1.192576470757635860e+02
2.227670986361607959e+02
2.439368005450534440e+02
1.965541124437434064e+02
2.087366042711981322e+02
1.698630192922228161e+02
2.247247244990625745e+02
2.388220283846967362e+01
2.792219507472366047e+01
-8.658057782194319429e+00
1.340887684477589517e+02
1.017872813633536140e+02
1.934474524724351738e+02
2.070920324228948175e+02
1.177901281033043119e+02
6.875035611852038642e+01
1.137714555922610202e+02
5.488854602081546119e+01
9.567320693806682641e+01
1.015865050428757996e+02
1.041244068184135330e+02
9.249183191634880785e+00
1.814103918550578385e+02
9.020819998053568156e+01
1.652339959052635550e+02
2.137539972265074653e+02
-1.189120793759184558e+00
5.310981674187441115e+01
9.108913870325137907e+01
6.993947729039464711e+00
1.348483769539211039e+02
1.401158142295295477e+02
9.937736295583637514e+01
2.949677719501570650e+01
2.216173709434116290e+02
7.983687601337731365e+00
7.312598605102766669e+01
1.468411420461163459e+02
1.543046330144048000e+02
1.054578079473049712e+02
2.220675093129778688e+01
1.097803196913130250e+02
3.161866393484047411e-01
-4.616689514795245586e+00
3.634296786776226895e+01
4.624777319662057096e+01
1.777431431904448971e+02
-1.143253357819472127e+00
6.778721832651805812e+01
1.872761051786889563e+00
1.405307862952920175e+02
2.046942844451520500e+02
1.349931014634024962e+02
6.215995203163867444e+00
4.528338419518821212e+01
-1.223706930173112397e+02
8.495337350249923247e+01
7.825970528628236877e+01
1.223100054654639735e+02
1.165584229596406658e+02
1.385593320418444030e+01
1.226288196906660062e+02
1.354026702351275162e+02
1.155522137820387343e+02
1.245459715927261044e+02
1.640208541489231919e+01
2.529074564987913476e+01
1.062203501283155873e+02
1.503344324755037462e+02
1.123959995466166362e+02
-3.446453473401057455e+00
2.973900222926000652e+02
5.786011383424058607e+01
3.163325620483513845e+01
1.032019231410050679e+02
3.368417596844520290e+01
8.673103181750427382e+01
-5.012137991704078921e+00
1.817793679900199777e+01
5.767846317881123497e+01
1.300606694190519477e+02
1.323246088163333809e+02
1.005412493592501875e+02
5.839883754860647258e+01
1.408687743486416366e+02
6.343575661271066224e+01
1.494195786837049695e+02
1.517456438063576343e+02
1.131361534609547022e+02
7.227234550846630157e+01
7.011757915151811460e+01
1.232703257874440652e+02
1.465717052507444578e+02
1.254526595643764608e+02
1.200586499248812657e+02
1.586840611929122247e+02
1.584258747712117099e+02
2.859480465242907243e+01
3.163287615234143857e+01
3.850660738665747118e+01
-1.602634010839308454e+00
3.179150196327398703e+01
-1.659185965397159350e+02
3.307420423096095075e+00
6.089419739512688778e+01
1.313319202750888621e+02
5.348627401787398838e+01
1.355812708100519046e+02
3.284609455220647334e+01
1.158411175079538964e+02
3.225394424675416705e+00
9.970359699035050483e+01
8.787147361749050845e+01
1.106992076980171333e+02
6.868216917422763856e+01
1.421658105553964049e+02
1.077857139193082148e+01
2.465639623369578004e+01
4.755782882114898413e+00
2.366697009447716127e+01
1.544101097278514700e+01
5.278413712008796210e+01
1.200491197520504727e+02
4.758338043964822361e+01
9.178066526770214750e+01
1.192067643286838177e+02
1.408090244255625123e+02
1.490001819163747427e+02
1.402444030711576772e+02
1.552172100485695125e+02
1.393355606591164531e+02
4.774029970752977192e+00
4.234332964828895740e+01
5.069878879827411033e+00
1.690233601050777281e+02
5.391166209900580952e+01
7.597395746819755402e+01
1.030088999543425388e+02
1.144178318012052387e+02
-7.178660960399618318e+00
5.822124438430754623e+01
1.080625062180857299e+02
1.175429730921712519e+02
7.263446940867888202e+01
2.611956133913241729e+01
3.426133656261822580e+02
2.178965352452787272e+02
8.347309232255602751e+01
1.976772625165004911e+02
1.289877668444297854e+02
1.083680865900991392e+02
1.257267088233495258e+02
4.632315457468265407e+01
1.116457767904914817e+02
4.404908369604484619e+01
1.191455058854347300e+02
1.204610527780476588e+02
1.659515626078915034e+02
1.179518528173167198e+02
1.142100371425402159e+02
2.127880538403336352e+00
1.230925094896158072e+02
7.068216792028445639e+01
1.039808005473886539e+02
1.130470924282539613e+02
5.251411685230463888e+01
9.675128217770159722e+01
9.076331366148794189e+01
9.123404717908813666e+01
1.397210237799085348e+02
5.255273202524674048e+01
1.000798472191961110e+02
8.529417910157289384e+01
1.223362559147089854e+02
1.630918361231153142e+02
8.779126432043312889e+01
1.233459254823523708e+02
1.155159608748582372e+02
1.295241686512481181e+02
1.278262029438460843e+02
5.345787306775152103e+01
5.569937183004943648e+01
1.288023276388981913e+02
1.523951107593570669e+02
1.734734829709499593e+02
9.478978700576597305e+01
1.552564717686776987e+02
1.558859570054913775e+02
2.107390949869402732e+02
8.570792354607783636e+01
1.398112870188593604e+02
3.268595892316116647e+02
9.581281386848431225e+01
7.613566876918477533e+01
1.846387007294977067e+01
8.486405785146467906e+01
-2.861313151756186723e+00
9.209205662627545053e+01
3.275416104476573054e+01
1.489223405478488473e+02
8.046597308172745500e+01
4.148753281848535579e+01
6.683117932648266901e+01
1.182742508440227311e+02
1.416815807386619781e+02
1.165501061572966250e+02
1.376628890890218031e+02
1.052494509410766454e+02
1.287949651761767313e+02
1.465313492646540965e+02
1.075361872012713462e+02
8.503695880257959061e+01
1.426663321919751013e+02
-6.656879278230104502e-01
1.222463350584444726e+02
6.086680524998939035e+01
2.126858275516366632e+02
1.193030223610579696e+02
1.237218627834161850e+02
9.648234501697119470e+01
5.918294581881842475e+01
2.984984476112540364e+01
1.179488737195641761e+02
3.119490066926904319e+02
1.322410287730394600e+02
5.355680888040758703e+01
1.218605051007068596e+02
1.262083165257250243e+02
9.672890375415758513e+01
9.875045760124629624e+01
1.333168120068930307e+02
1.305132978541644775e+02
1.243468854209315992e+02
6.994120795961649151e+01
5.177456404151311631e+01
5.004655924223810359e+01
1.183856830983205697e+02
1.182503244968838771e+02
2.011129402205845622e+02
8.860300648842314786e+01
1.759356831833372325e+02
1.916181887689925247e+02
1.478585402595640517e+02
1.115189649416321913e+02
5.845862681832053198e+01
1.327534136924006987e+02
1.401169466060053992e+02
1.262643190482401963e+02
1.454406266800123149e+02
1.981907509233988094e+02
8.752588530370185538e+01
1.952277247591718208e+02
9.313505934165641520e+01
1.194086289640336958e+02
-3.926187462019620877e+00
1.172149546680036281e+02
1.027369738945614159e+02
1.151344317460466868e+02
6.489609738279185081e+01
4.430782962152295568e+01
5.216025847516829117e+01
9.317262366473576662e+01
7.301768339830678656e+01
1.411521989058939823e+02
1.918400261638001894e+02
1.617685878752993744e+01
2.441462382501265722e+02
2.845543083387898378e+02
1.792664944051232396e+02
-4.101884928512053996e+00
9.385249077954266284e+01
2.423688079807030533e+02
3.009119986653436740e+02
3.893770472058155860e+02
1.527735124016821544e+02
1.785941371536405313e+02
1.406381421450444122e+02
1.046496906820864012e+02
1.046921207037411676e+02
1.236276300281748490e+02
1.290896625279320062e+02
5.821563784502983196e+01
1.048838242488165520e+02
5.215595829024348262e+01
1.195460207196035611e+02
1.408229253367358069e+02
2.170106491070848165e+02
2.424505681391578662e+02
1.066949544618258727e+02
1.325531135724519629e+02
1.187523657160042347e+02
1.365520411953768019e+02
1.059798601925622421e+02
1.268245805816562211e+02
3.748896699023357826e+01
1.444799055435715900e+02
1.448355187882402504e+02
1.307052046900686832e+02
1.266039478803011775e+02
1.634073395413992955e+02
1.308485464351387293e+02
1.448334668169623285e+02
1.324829948167817122e+02
1.933249630107105759e+02
1.207337113171735012e+02
1.274773080219175512e+02
1.577546585460942765e+02
1.252720490740615844e+02
1.004300158074531311e+02
1.130369735130835238e+02
1.297236072049214499e+02
1.408289908021567101e+02
1.334573707838210339e+02
9.300573671859564229e+01
1.475118935137347762e+02
9.721698493550535147e+01
9.192127129604251934e+01
1.216897141432283291e+02
4.899249333005815998e+01
1.685309123436469747e+02
1.664678104234541536e+02
1.247800909587382279e+02
1.643716190819921508e+02
1.174851860750903114e+02
1.240863077599593964e+02
2.028596681641065516e+02
1.355749711651324674e+02
2.479440390179863698e+02
1.205752744004964825e+02
2.252493674724516559e+00
-9.700708646714435446e+00
2.144021885945736727e+01
2.722961144092344909e+00
1.395986437524523751e+02
1.411259912459900931e+02
1.123826314170232621e+02
1.334973361947289163e+02
1.245849019042960180e+02
1.247451500995724984e+02
1.200833836357592332e+02
1.064805605516713598e+02
1.142320397645372623e+02
1.215128433070784411e+02
1.279239624323158040e+02
1.159830241355105755e+02
1.279265082065532795e+02
2.052063750306404017e+02
1.031574887392771416e+02
9.951003166938372146e+01
1.324306438442433489e+02
1.370941978264562238e+02
1.438341363391039067e+02
1.128783853284923566e+02
1.341045411954177666e+02
9.222388659560948554e+01
1.392581875461847574e+02
1.125821443260618224e+02
1.329083412042482450e+02
1.442273022910846692e+02
1.147499273757036775e+02
1.676312691590985366e+02
1.054933864700255839e+02
1.233937991797464662e+02
1.797422616601182597e+02
1.224007072946421602e+02
2.063369545205109716e+02
1.454952303052952516e+02
1.115821111354720614e+02
1.127125090275659289e+02
1.149776272839221605e+02
1.078857504140143817e+02
1.405217940686781901e+02
1.154682003230876006e+02
1.465139047510964758e+02
1.137564755686107105e+02
1.037806498254634135e+02
1.952839384549856163e+02
1.341849555585796168e+02
1.144147547362523909e+02
1.301025782112675699e+02
1.784880756304303304e+02
2.576741217542416393e+02
6.818380740722736277e+01
5.589958801185088078e+01
1.220604847340587895e+02
2.040891311155356505e+02
1.210481998634156326e+02
1.255067696127949404e+02
1.465199779273832519e+02
1.236517229387207095e+02
1.248405422873534008e+02
1.433924109392704622e+02
1.186004065409866257e+02
1.402370037895362316e+02
1.488839053984822556e+02
1.356693037405670736e+02
1.384879559043054940e+02
1.304190551258422204e+02
1.487740843146725354e+02
1.319230973878632369e+02
1.449578575239839608e+02
1.301942428300195047e+02
1.324983869239266880e+02
1.360711415133192190e+02
5.373129063384256909e+01
1.648584565593821196e+02
5.117410264294064604e+01
1.407713529812644708e+02
1.493251907556696096e+02
1.318164506013235382e+02
1.506124250418476436e+02
1.105632754081492237e+02
1.335457180686856304e+02
1.197918297856360113e+02
1.071561872627958536e+02
1.270219462445340639e+02
1.000153320454746364e+02
1.322523411660307886e+02
1.356860075305281157e+02
1.147900327536199541e+02
2.220196740462846208e+02
1.023784040781371800e+02
1.206870304874604187e+02
1.175299998859983504e+02
1.206189244158996843e+02
1.145309909979235670e+02
1.042766800592389984e+02
8.681832558292947510e+01
5.165716800706615430e+01
1.191328526355554089e+02
1.499004707275969963e+02
1.174915625546857711e+02
1.516863233358674563e+02
1.228975819967963190e+02
1.126194112569102117e+02
1.077257440903794219e+02
1.333599659825967478e+02
1.243676011717397927e+02
9.416099308389465250e+01
1.280734874052125747e+02
1.046135758400099434e+02
1.304681155071533851e+02
1.014986005169126742e+02
1.030968114452228406e+02
1.049387171487719996e+02
1.370253870433068073e+02
1.330538766629197482e+02
1.547697594989782317e+02
9.358149136099416410e+01
1.659192413758773341e+02
1.997643430110065879e+02
1.370705970006035841e+02
2.762709122057926834e+02
1.549267914706928480e+02
1.148756051909588933e+02
1.549861010846329066e+02
6.961329804941790655e+01
1.050750300528658272e+02
1.168146807585831368e+02
1.054248995570192449e+02
1.042129270817519000e+02
1.327425205137160447e+02
6.690249826184819426e+01
1.659274307442180998e+02
1.237408828629876751e+02
1.694515366164689567e+02
1.556813216818503918e+02
1.162177995940666761e+02
1.206039966409027784e+02
1.194333451519776901e+02
1.407564854283477018e+02
1.630848448555061054e+02
1.641102131605039460e+02
1.041006382146495213e+02
1.284886253085796284e+02
4.097531139196227912e+01
-9.420604873794598433e+00
1.305160773244530219e+02
9.440851847462326418e+01
1.164259140539494126e+02
1.351387521614280161e+02
1.069612481650175653e+02
1.167888712207092254e+02
1.302056509178525232e+02
1.062629616711106166e+02
1.366961343389693013e+02
1.795667145408996817e+02
1.465161234371056196e+02
1.279672186587078500e+02
1.394995497822841344e+02
1.169638060176571202e+02
1.101889783834035939e+02
1.163697451994884204e+02
9.394003457780074484e+01
1.188677025193817940e+02
9.126958443362471485e+01
1.634466428321958631e+02
8.389205999475461795e+01
1.354410418595339820e+02
9.237456526825552316e+01
1.443045616963321152e+02
1.235332709218164950e+02
1.030146835281887832e+02
1.490683374607115752e+02
1.098936970962301132e+02
1.206238980733843249e+02
-5.984194577559533990e+00
1.011172509347762514e+02
1.229799058294682226e+02
1.057088143927922346e+02
1.314237865474335081e+02
1.263131075961623395e+02
1.366111854314196421e+02
1.299889261991968397e+02
1.361758340655452741e+02
1.531261944517172253e+02
9.930716741542984494e+01
8.371444247186904875e+01
8.919706014394525084e+01
1.487788349850240763e+02
2.339727285948015094e+02
1.435823488600578628e+02
1.297680359502813303e+02
1.371402014190155683e+02
1.299438144729101339e+02
1.240180488777045866e+02
1.365522961962173838e+02
1.083061604393365798e+02
1.300217276239672515e+02
1.229955416267106045e+02
1.337422981496565342e+02
1.129891878799472806e+02
2.348617939239265411e+02
9.810337728323895590e+01
1.682178068078968352e+02
1.452874435840251124e+02
1.295199581783392944e+02
6.565887358976942778e+01
1.305336582258683791e+02
1.862905689002581653e+02
1.651444936176176270e+02
1.872083910260741675e+02
1.102343474675938069e+02
6.016235800165863878e+01
1.121150321980736777e+02
1.159495033586940878e+02
1.170187761471487420e+02
1.348685940718511063e+02
1.152461511882601712e+02
1.051365016598421249e+02
3.249517862587809418e+02
2.192786227810574644e+02
1.393711375664930472e+02
1.316094492894807786e+02
1.172271398145252022e+02
8.981138432114279624e+01
1.080535565431698899e+02
1.037602128819029446e+02
8.907772085161613518e+01
6.055713666612595603e+01
9.935118175034695298e+01
1.225609374766066253e+02
9.540240653382103631e+01
1.032541247688548225e+02
1.412148220941346608e+02
1.303608571984948696e+02
5.588032935545095370e+01
1.249805577117571431e+02
9.906099047181545814e+01
