1.956947159861405439e+00
-1.804585483571201188e+00
2.552576815764052487e+00
1.140472924594132031e+01
4.553904658887701018e+00
-1.269705023771739860e+01
-1.238381949968925788e+01
1.006017379466952377e+01
1.753547542322800012e+01
1.099398586642634079e+01
-1.020714075388088204e+01
2.745060405314352803e+00
-1.353337615889917167e+01
2.732703083547130518e+01
-4.995779477209663355e+01
-2.771380569880889055e+01
-3.082912113959294942e+01
-4.780417049680944785e+01
-2.553679148552207323e+01
-1.419318314088929434e+01
-2.650295688748935774e+01
-1.622331034034851172e+01
3.111096911402369614e+01
-3.316553929945780510e+01
3.780862346786958206e+00
1.886314833610121013e+02
-8.548592484826597726e+00
3.441606864076791084e+01
4.259329344675809637e+01
3.007592085692181172e+02
1.878574709737143777e+01
7.471579479187062134e+01
5.218797434534016020e+02
4.774450707236505878e+02
2.767480634877979924e+02
5.809784052572163127e+00
3.084640694041084430e+02
2.570092806231144777e+02
3.228778540836199227e+02
3.099953164226094486e+02
2.000724441194304575e+02
1.977832944154811230e+02
8.665385375845945646e+02
7.550851583573894743e+01
-1.786016376149589746e+01
1.885713604704928912e+02
9.549894754401426766e+00
-8.615913988228507847e+00
1.372982510009326518e+01
-1.304781816319823484e+01
3.117821085984268237e+01
7.035204053868980623e+00
-4.885218488538763282e+00
1.833080282781349268e+01
2.628317914731588303e+02
2.183714380431236464e+02
1.904626026727345618e+02
2.816806980316823115e+02
1.079166223521760344e+02
2.765085876786644690e+02
1.327539634952754888e+01
1.680246416706145567e+02
3.483897050998284044e+02
2.084829968212193592e+02
2.086134051901016448e+02
1.385454474345490610e+02
2.180009937413456100e+02
1.996627858840408010e+02
1.024456503625156927e+02
2.548502558293481854e+02
3.452671663150947552e+02
3.140280785742510830e+02
7.150397205029442205e+01
2.018065221950596140e+02
2.676283273962990847e+02
1.884394428475212919e+02
2.811685310985515684e+02
2.350827181020009675e+02
1.909854324278078650e+02
5.555602443863683249e+01
1.290987275446409512e+02
1.176907280146202766e+02
2.575193702068640960e+02
1.995727492212532752e+02
1.051541459706465105e+02
2.425909238127408116e+02
1.433275285595680657e+02
6.724626301237053383e+01
1.228091618443511521e+02
5.882496017970120050e+01
1.516662395120215763e+02
1.115489300109108513e+02
1.566195987093358610e+02
1.039629765319890708e+02
2.644743640140026741e+02
1.326029849287270963e+02
2.455090689645408872e+02
1.687317289884572347e+02
1.810798190389985507e+02
1.523771944411450718e+01
1.652588033594379908e+02
2.564411122634646745e+02
2.773281181741169235e+02
3.424655169096438954e+02
1.780211739832288629e+02
1.300126866083024595e+02
1.326648132681299899e+02
1.242349688985933369e+02
2.262760998671265043e+02
2.445323724622499473e+00
2.435074365108926315e+02
1.443728099881143692e+02
1.764570921673338830e+02
-1.405192123531299586e+01
-3.617489222573912855e+01
-1.329373195882888936e+01
-1.734642593183643910e+01
-3.522284144652601157e+01
-1.732338380241583664e+01
-1.680068759827348757e+01
-1.860366284106553891e+01
-1.748629928445507886e+01
-1.165327524004197102e+01
-1.193496136695340226e+01
-1.287766163836259814e+01
-1.326912417447406156e+01
2.401789139783664595e+00
-2.601287118954963518e+01
1.161874338660811077e+02
-1.141629491371297433e+01
-3.734283926793870023e+01
3.542497991252410383e+00
-6.762450877820672446e+00
7.342035188102626364e+01
-2.251133530051315645e+01
6.911267364623062903e+00
-3.387923365042099277e+01
8.806578580653932065e+00
3.964167725465936201e+02
3.202070514511876240e+02
2.657588769276599692e+02
4.229261606599716288e+02
9.870898577718578792e+01
4.128118273028244971e+02
3.881719461367580948e+02
2.491735726381099880e+02
3.841323132223845391e+02
2.818605135628234848e+02
2.302729859657688678e+02
4.214907787455742749e+01
1.262104720827353788e+02
3.586336880783117920e+01
1.801541559961377459e+02
1.901706996672608625e+02
5.505052953021957052e+01
8.032842537974330810e+01
4.028098010324686129e+02
2.501336896457271450e+02
3.245621948114022075e+02
2.784643918677311945e+02
3.335748214831486393e+02
2.192196896540098976e+02
1.678107370431072809e+02
1.315155149999941386e+02
2.576742264885766645e+02
3.433702140544693293e+02
1.291851191393531195e+01
3.713643974782419832e+02
1.750559861026303849e+02
1.421851031931145428e+02
5.039484568788922161e+02
3.974134852435466883e+02
1.406752984389991923e+01
7.717289991162228091e+01
5.873092756214438168e+02
4.655073676621647678e+02
2.247984006318683328e+02
2.330525370715975431e+00
4.439208068077343938e+01
5.214333158783992062e+00
7.861454181572995026e+01
-1.134871271153770422e+01
1.675187895123043234e+02
-6.348172971381811358e-01
2.601801965787111115e+01
2.823333830063702408e+02
4.594875029858682183e+02
5.500574875087777400e+02
7.884700988123908871e+01
3.657488961331698647e+02
2.814394196171659814e+02
3.031698787400976585e+02
1.760213213463145507e+02
2.613463067559677029e+02
2.097114784421412708e+02
2.595489105608162106e+01
3.482074126072606646e+02
9.872143757389602925e+00
5.385464949772353549e+01
3.631830973526371054e+01
3.068561836937618637e+02
7.715644097339884411e+01
2.616279859981096934e+02
2.709816339893199029e+02
2.195561767811430514e+02
2.998542851327358107e+02
3.076907181973873548e+02
7.154470775165681573e+01
2.540123884334871889e+02
1.989116925859743503e+02
2.622744797858395032e+02
4.593954982783839114e+02
3.593475599950036781e+02
5.084349763698686075e+01
4.036991785509931105e+02
3.366555226731978223e+02
5.113667984056066871e+02
3.025223424528085161e+02
2.399890159571119170e+02
2.366961457087613212e+02
1.570319869529500068e+02
3.274522543305766362e+02
4.776090806429738223e+02
8.265180956832186610e+01
3.030095423240481978e+02
4.794690702782948506e+02
2.602212687003842007e+02
2.034853537812117850e+02
1.913976933503347198e+02
2.689057370858010358e+02
1.765643395577632191e+02
9.739477051596232968e+02
3.406687258617805583e+02
2.784787619572403017e+01
3.031281563038433546e+01
2.282843223855405483e+02
2.392635652924741123e+02
3.770186935813640048e+02
2.243771153996159740e+02
8.969834199699151522e-01
1.998141912298484897e+02
4.514085648977543315e+02
2.823447227582858545e+02
1.742912046199442386e+02
1.956522476475036854e+02
2.792805926578420781e+02
3.458838973663779370e+02
1.557666071813103486e+02
3.006550226677157980e+02
3.014268233600722624e+02
6.138822307937899581e+01
2.938670695793498453e+02
2.543323942947272087e+02
-1.566022472667662413e+01
-5.052924412044060887e+01
2.331101933987406483e+01
1.203922987891299385e+02
2.195644346355533116e+02
2.792383983323686039e+02
3.159001023641455674e+01
2.251624602056900528e+02
1.856754030239262931e+02
7.644689229341713599e+02
3.659238025238825003e+02
6.707074595229003933e+01
5.917603499938363143e+01
7.644693116369991515e+01
1.261103467516288674e+02
3.277649398147483453e+02
8.879402607021924609e+01
2.856831174194324774e+01
2.099008870420471453e+02
2.907206307253526916e+02
5.463541016743255341e+02
4.317519899779770753e+01
2.734287152519044071e+02
1.562325375307230786e+02
2.782335941526108058e+02
2.231493482474741086e+02
3.257426139547075081e+02
1.291760957062250839e+02
2.691153894593132350e+02
3.260621842960042045e+02
1.953365324119139927e+02
2.927692473650590088e+01
4.080978932837249573e+01
3.494425708507815642e+01
3.546990849693837333e+01
5.672753443722408662e+01
2.699951205635834413e+02
2.461549703446662107e+01
1.385688564177127624e+01
4.386442854521002488e+01
2.944333314329017171e+01
3.397870439907019318e+02
2.132965708687041584e+01
2.402427304261416907e+01
3.185330580612410856e+01
4.475315205383894295e+02
2.336422351408211568e+02
2.922649432167308419e+02
1.690090658758531106e+01
2.715824394651262423e+02
2.292126871284239371e+02
2.128359605582975078e+01
3.480198674294546208e+02
2.968417509484242487e+02
2.570091758228885510e+02
1.126023915011999463e+02
1.032435967395137197e+02
7.056935779514157048e+01
3.325152890057593709e+02
2.884791279981027969e+02
3.556211355822085807e+02
2.764703256711279664e+02
3.384851346289321441e+02
2.978503942333028931e+02
4.012167607523352899e+02
6.044023486938302767e+02
3.366664341797452380e+02
2.553491349628389173e+02
2.725494226608361714e+02
2.917647757749035691e+02
2.743922224136647969e+02
2.842648087571115525e+02
6.787309562891410053e+01
4.533099634617581160e+02
2.445843390552455787e+02
2.537000377908294411e+02
3.247101930022330407e+02
2.039820057207413129e+02
3.050635298006185963e+02
3.887106985436346918e+02
2.592666278334921515e+01
2.961651333355791849e+02
3.423892748785804656e+02
3.038544741610194819e+02
2.744937789502063765e+02
2.711855732776721766e+02
5.049319537487413641e+02
2.515633932954976615e+02
3.363688783021869426e+02
6.197439673262737259e+00
3.997165539694033214e+02
6.208469730497567980e+02
3.362714544169629107e+02
2.723209267398568159e+02
3.376594073118764072e+02
3.417639878095882864e+02
4.184870743470288517e+02
2.167846958771063441e+02
3.723637348740249422e+02
1.693708895148857891e+02
2.125279835447538801e+02
5.638819741582336746e+02
6.636053544079876474e+02
1.115492766587873490e+02
5.101147483470127781e+02
2.585532075090882813e+02
3.304925347859720546e+02
4.992728624090422613e+02
3.560472893366397216e+02
3.282768757587777486e+02
4.112170450366326122e+02
1.161714356820550478e+02
3.567765849625930628e+02
6.171226865700014059e+02
8.019876777938732175e+02
3.341290256467119661e+02
3.360151656150964072e+02
6.238164530594257258e+02
4.179390276573466281e+02
3.010903181641641027e+02
4.885025615176313636e+02
4.436645902027717625e+02
3.719655602997434016e+02
5.043466438840358137e+02
1.286446143019288115e+02
4.346188158835581703e+02
3.277451820652601100e+02
2.248379536198438444e+01
3.298508693827390630e+02
3.302802481990028127e+02
2.668682521571605193e+01
1.342311567753859336e+01
6.066895067699031188e+02
2.506138258809208423e+02
1.314166054819463056e+02
5.001092938540219848e+02
5.519725410439194775e+02
4.086056129955903202e+02
6.548558493119098785e+02
8.772242661615953452e+00
3.840205986077900775e+02
6.408860486529332547e+02
3.698083283681888247e+02
3.825795420904718185e+02
9.544473836810115586e+01
3.020857003393335845e+02
4.771703807243214328e+02
5.621106625819624014e+02
2.610289299295916976e+02
3.376125046523064839e+02
3.430031569374388027e+02
9.908735130996882390e+02
3.642669431666744373e+01
2.191240582280756541e+02
4.281680483118461780e+02
3.131559480259527959e+02
6.213835966615275765e+02
2.304188722201812709e+02
6.199786206424421380e+02
2.749915597026454179e+02
3.187769496480079852e+02
4.172540826216472283e+02
3.740579152954607594e+02
1.980631314144643511e+02
4.850006570842401175e+02
5.331168465630518085e+02
6.219341247863619628e+02
4.010404995359120903e+02
5.662068500884767985e+00
1.763534897028574022e+01
1.500435848424586993e+01
1.551986076939578041e+01
2.004785266570998559e+01
1.843666742070880105e+01
4.919733958060763825e+02
1.709967792321130631e+01
2.005832896065627935e+01
1.593126847603930329e+01
1.891913752265070769e+01
1.479500530156498606e+01
1.612864163685007668e+01
4.337522640140030035e+02
1.176822074480717539e+01
1.715798037218514338e+01
1.393376855996725361e+01
1.246603116894328345e+01
1.524411118656240127e+01
1.745583065975788628e+01
3.459709139819608481e+00
2.049845682654137491e+01
3.753972183236083424e+02
2.902678310816959240e+01
5.196821216728147874e+01
3.755364731034594001e+02
1.132154157973917386e+01
1.686968969309531374e+01
1.744002983190515366e+01
1.820264621140540839e+01
8.073194511054698097e+00
1.290486883048412281e+01
1.790082451918006257e+01
1.572419633318800791e+01
1.022676808081837940e+01
1.147979039507195687e+01
1.909047093104632609e+01
1.025415671825219022e+01
8.408293268630435691e+00
1.245363103793478032e+01
8.257369332048538624e+00
5.780831489600181783e+01
5.650147785238675624e+02
1.988049528503359298e+01
4.619375806650460845e+02
5.075356268530076136e+02
3.011317056458220804e+02
6.419945452268527788e+02
4.636909748563581957e+02
4.528702684883972438e+02
5.301893449588324074e+02
5.985894650371841408e+02
1.042851871731666279e+03
2.931684184347862043e+01
5.209147431526520222e+02
5.222578227756888509e+02
4.024861646831920439e+02
4.652203550026287644e+02
1.852100944146392294e+02
5.588734893880581467e+02
4.565414050533761383e+02
6.611803624044982826e+02
2.683577359654965448e+02
5.492757771143895980e+02
6.410134445139456147e+02
4.771305434288025822e+02
2.356376930022851468e+02
6.568328891951091464e+02
4.028182978294929057e+02
8.235691078222785677e+01
6.172819691316074113e+02
4.953942853087614822e+02
5.780717471787397699e+02
5.731261830436420723e+02
3.371377033070118046e+02
4.998400298815444103e+02
4.649759333296804016e+02
4.612329734533078636e+02
7.553953500671970005e+02
2.712511204898596873e+01
1.097727870931742700e+03
4.313797119707965635e+02
3.372233212281498709e+02
1.187014311724756368e+02
5.137975119679697400e+02
2.008858477782674186e+02
4.920431684642665005e+02
1.593204510350801399e+02
2.315584679366597811e+02
1.371320645060543200e+02
1.766701670347824518e+02
1.144740068864170780e+03
4.564814030845024604e+02
1.923929985497990458e+02
2.508630999223170193e+02
8.464687560753324078e+02
3.743160943153512790e+02
4.011544834422074359e+02
6.323694242423719913e+01
4.077956224288417388e+02
7.451955890474118860e+02
9.045421702820987093e+02
7.417324159750701256e+02
3.475081628746011120e+02
5.266095024959129205e+02
2.648231587490411130e+02
2.945462473520554454e+02
5.003610477152709279e+01
5.313718834157676838e+02
7.675969838854407499e+02
2.797584705178033460e+02
1.473193477801496272e+02
4.851928755379680069e+02
5.805579320352079549e+02
8.716086182298862184e+01
5.525009324091980716e+02
6.630505471011489362e+02
2.485759474422051696e+01
1.215450144294830352e+03
6.893077021491150447e+01
3.758233747716827224e+02
7.792570531098191395e+02
3.855809477346195990e+02
5.125736439042718757e+02
3.133679228623697810e+01
5.601858678893494670e+01
3.314810132146777164e+02
6.099789712229472798e+02
9.562452397814020344e+01
5.150829416422172358e+01
1.395563166525725194e+02
4.751692835894788800e+02
2.067545794420638927e+01
2.176075312596394724e+02
5.500193405186954720e+01
7.439830098784124175e+02
1.105110928740646727e+02
1.168424275172439906e+02
4.047316669977679453e+02
4.281390668207180852e+02
3.349994716180739829e+02
5.341291826360907180e+02
5.169877251508293057e+02
3.149532607549584782e+02
9.609220694732057382e+02
7.062445325809031829e+02
3.287726432047414846e+02
5.923194716494767675e+01
1.109469420831198022e+03
9.559788183419192364e+02
4.833797781727566445e+01
1.409420384002388801e+03
5.227915725303853378e+02
2.382056345980652168e+02
1.667799500249834921e+02
8.191808632198574287e+02
6.935217722502777633e+02
4.877932736449724871e+02
2.344010603032758411e+02
7.239100833965115953e+02
4.909281958794273919e+02
4.501392223041213470e+02
5.364194710682645564e+02
6.650716009161173758e+01
2.674588501606448290e+02
7.425651342512115889e+02
6.810750324055123883e+02
6.439293399947669059e+02
6.628746265130945226e+00
1.678775498590685174e+03
3.431194456020250527e+02
3.092255582118153434e+00
4.338050564086789223e+02
5.985748447698898644e+02
3.387257652968165758e+02
4.010787622142935902e+02
2.564924447451352876e+02
9.344166739341348205e+01
6.676877769947001298e+02
3.408679782346220577e+02
6.702592112237649644e+02
3.745599855068982151e+02
9.600131935555005214e+01
2.652065154282000776e+02
8.734622204609278242e+02
2.386651990239412271e+02
4.274901941677849209e+02
6.292425036206443565e+02
3.740723324268288934e+02
6.427926062636103097e+02
7.461674138047184215e+02
3.118522961312282291e+02
5.298636932151575820e+02
4.486351524341865797e+02
9.477859656588403823e+02
1.481839336686831565e+01
6.948192233483307518e+02
5.118402735065029674e+02
4.434619143485958830e+02
5.392247531071509457e+02
3.173974842876440903e+02
6.532457758989146441e+02
3.688573728552156012e+02
5.063423011856436347e+02
3.346000579366606758e+02
5.311359599660232078e+01
6.232148509941009706e+02
4.726393605064823760e+02
4.283119356091787040e+02
4.277516466829375759e+02
7.468887390451284318e+02
4.050008040741190030e+02
8.435238486387606827e+02
1.003592512350847699e+02
6.068824503690409529e+02
5.142523494097244452e+01
3.033589309252724320e+02
1.413344506008997712e+02
3.169823841918706648e+02
4.998524117600993577e+02
1.722604526948113630e+02
3.690275051243493181e+02
1.157361347991202592e+03
5.040863594257671139e+02
8.437085617252419070e+02
3.112423800736929707e+02
4.046011155612810626e+02
1.494272442579484128e+01
6.455455071573053374e+02
5.751843684326429411e+02
4.513200320920513491e+02
2.640315452823531928e+02
9.083352309437646710e+00
4.556951360515502074e+02
4.573780994503499642e+01
1.491577859618479920e+02
5.292432746489179607e+01
4.294318868880183686e+02
1.421728157141450879e+02
7.509070428404847064e+01
3.105442032461979238e+02
4.398914950741826146e+02
1.819101750706173348e+01
3.145929494617912496e+02
2.404008919879553332e+02
3.143344951238897806e+02
3.008358483085646071e+02
3.985504741858318312e+02
3.184752011508568899e+02
3.277531245197231442e+02
7.674646547986581027e+02
1.140461596037525396e+03
1.152565957741776174e+03
7.231534862638761751e+02
4.190108729185488983e+02
1.220471675574319192e+01
1.008878133454186127e+03
1.380994833099934795e+03
8.397881178337759138e+02
9.276364068626212429e+02
7.797949001795101864e+00
1.345914747170891133e+03
6.966573036861905166e+02
1.151421231526250892e+02
2.075409682181815697e+03
6.049153258140621574e+02
1.117666426327974477e+03
2.934324490743009051e+02
8.621478370320249951e+02
9.293779359780337472e+02
1.605355811577414045e+02
1.376194108093309069e+03
2.599636444596442857e+02
8.140319072972989716e+02
5.449823116428938192e+02
1.141438948923629596e+03
5.027620346467178365e+02
1.157832018672594359e+03
7.252958931471126789e+02
2.125082333925003297e+02
2.469393766190912629e+03
4.925763010189210149e+02
5.152329798081085528e+02
4.765483633939260812e+02
5.296651312395999867e+02
2.912644740386853073e+02
1.147843878602849372e+03
1.108455463313329574e+03
4.480855199470024672e+02
5.257612964147413095e+02
1.504175234028833756e+03
9.340923939788967800e+01
1.913578035585076691e+02
5.861013599030916339e+02
6.457250345144398125e+02
5.726330888242135870e+02
3.900101411013257575e+02
1.186729539309271331e+03
5.328839006955573723e+02
2.474312782883934290e+02
4.887820828991912663e+02
2.350629963205465742e+02
8.536173218010044366e+02
4.645780168807160635e+02
8.377506621737680348e+01
4.759664022053457870e+02
3.979526292048079199e+02
3.951483025496687560e+02
3.445061537566597849e+02
5.272504382893129105e+02
1.390902907774031689e+02
9.887435259471143354e+02
2.278633936836621388e+02
4.101885263001867088e+02
7.520545459084162303e+02
2.918605653303534382e+02
6.865496380847832825e+02
8.363383013791197982e+02
4.019827132775142218e+02
6.314049406973491614e+02
3.453681565331810361e+02
9.817352065895476017e+02
8.031219519773378579e+02
2.200707449989527902e+02
3.283546747267272394e+02
2.237043808718258902e+02
8.717801237278868598e+01
5.298476746800979527e+02
1.498178678994879363e+02
1.150453049058899921e+02
1.265916162418643808e+03
8.653128485886210228e+02
1.125865745594351068e+02
4.614987437874126499e+02
5.956404825787850541e+02
8.734922054967088343e+02
1.406523551255341715e+02
2.456789816225845868e+02
2.670895914712634749e+02
1.057594677322295411e+03
7.718742103926358595e+02
2.459008141014771098e+01
3.682148574407295882e+02
4.645219041039398462e+02
1.153353079024283034e+03
3.516230271076714757e+02
5.325866622092017906e+02
4.163934581158825949e+02
5.680492013449317028e+02
6.328201866692409112e+02
9.591767164460342201e+02
4.141970800780685522e+02
1.093574302880810194e+02
4.123815168915507456e+02
4.005523215352055217e+02
5.333779082305994734e+02
3.760642128749498738e+02
4.481512915956071765e+02
5.161766121656166888e+02
4.105888900468511906e+02
3.790066234665802654e+02
6.769385636586362125e+02
2.456379396942344329e+02
1.563779042690518281e+03
6.598497742603423148e+02
5.257603785668601404e+01
4.461239887020560104e+02
1.068296860523772239e+03
6.226556314763678301e+02
6.065592996167424644e+02
1.317297840503199268e+03
1.320522874589349613e+03
9.267639203526133542e+02
7.319494380946228773e+01
2.028305235514962078e+03
5.331265727083531374e+02
1.250255001479329621e+03
6.684102870846918449e+02
1.665425412527157505e+02
6.366714475445139669e+02
6.332022687264086471e+02
8.513631762665681890e+02
1.149055707523093446e+02
1.037897813443013462e+01
6.887025352876870556e+02
6.686776800764588415e+02
6.876961495398912803e+02
4.701113610973622485e+02
4.243843572846573764e+00
5.378901064386908502e+02
3.460837485713605588e+02
8.283410814987680624e+02
4.988359501487845478e+02
7.712129162823586626e+01
1.470649150823705213e+03
4.614774545537117092e+02
3.497600556152000877e+02
3.386375883900322492e+02
1.214005971181580662e+03
7.004123622306675543e+02
4.276078124922737516e+02
3.168356533811394797e+02
9.074774677051071876e+02
6.934171827578066996e+02
4.422085766942235807e+01
4.047255479245453103e+02
1.514228240453758872e+03
5.268571139074438179e+02
1.200048267497631059e+03
3.940144799810695986e+02
4.031692082253437093e+02
1.122339531518347030e+03
7.400602242501526007e+02
1.675268148996508444e+02
1.371986325893545882e+03
5.585242495330701331e+02
2.622366113170936615e+02
1.044001941085800524e+02
5.280102655226124853e+02
9.088798652750581368e+02
6.140864887074421858e+02
2.569369592798010444e+02
2.827625102251487874e+02
3.507481431204012665e+02
1.028177170029661966e+03
3.438965030370211480e+02
1.242995653955642638e+03
1.153200241353944421e+03
1.040278727871633691e+03
1.218251875548455700e+03
9.106640075667717156e+02
1.521321557126078005e+03
7.561879814722325364e+02
1.250144509348525844e+03
5.488599249431508724e+02
1.035116136746938537e+03
5.441789524561060034e+02
2.684642726559191601e+02
1.302883956847267200e+03
1.139705026375144826e+03
2.782938288682660755e+01
7.607100524624449633e+01
7.213668370103605412e+02
2.805808478816253455e+02
4.938442122755786841e+02
3.771704873797422692e+02
