3.230920028306168774e+02
2.927897832699197807e+02
1.566280796293670505e+02
3.205004564165618604e+02
2.614040899802815829e+02
-1.487453401990122970e+01
1.764702805833497052e+02
1.805745652048849195e+02
2.714128332609442396e+02
2.332833927016544635e+02
1.608366411621704515e+02
1.466157328725123818e+02
1.912402434469145476e+02
2.410345502514477118e+02
2.193277230583626078e+02
-1.359833070184952852e+01
2.737663644151868425e+01
2.652198886019202178e+02
3.635826326984463321e+02
3.320758187146061005e+02
2.608728282045769902e+02
3.533491326959103276e+02
4.430147952812577614e+02
7.259302004882268875e+02
5.168055006581899846e+01
2.784329191858485615e+02
2.978651416520893918e+02
5.526832431111771626e+01
2.726699143455927583e+02
3.690797940403878101e+02
3.931665126873173222e+02
5.548660061695934473e+02
2.477572313991344402e+02
7.973702862726321428e+01
2.020487751538866519e+02
2.621840197161355945e+02
3.392298271446002786e+02
1.154665562418381626e+02
2.527243547273162676e+02
3.034799590608257631e+02
1.144297982580977333e+02
2.234826694643573717e+02
2.917498596076980562e+02
2.896381369570502784e+02
2.932139658815031567e+02
3.270130876360308889e+02
4.577960182762557224e+02
3.482661038129052145e+02
2.493629696818403261e+02
2.566965694345993256e+02
3.448916614863578616e+02
2.959880976468796234e+02
3.320006113154421996e+02
4.214389987183569133e+02
4.774725075971111323e+02
5.073752448034813938e+02
4.878925183180510317e+02
5.140780394623162692e+02
4.106762333927805457e+02
2.533168444606939431e+02
5.378368056359347520e+02
2.689390782900831027e+02
6.287308680721365590e+02
3.706404593877741149e+02
4.080094507099182692e+02
4.051486831370997947e+02
3.986634125621311568e+02
4.757780996974899494e+02
3.795732744554527471e+02
1.544028495822246327e+01
1.515081249970163846e+01
1.642826175068271084e+02
8.630257183053969356e+02
5.979354293930513222e+02
5.555030617539980540e+02
6.235823193927230932e+02
5.079909994922813894e+02
5.397957839161696256e+02
5.357506455239160914e+02
5.074397503761513804e+02
3.744897286004404009e+02
2.902645330528423528e+02
6.662117743235082798e+02
6.137068855355320238e+02
6.782252726513841026e+02
5.955280753125160800e+02
3.922153223495191696e+02
4.145967662531394353e+02
6.686735862357991209e+02
3.630616550178651210e+02
3.125707098391698082e+02
5.819139265635715219e+02
6.298076035083323632e+02
6.523301256922657103e+02
1.218746252468524062e+03
7.287477434057325354e+02
5.819523967307321755e+02
4.713912340242142704e+02
9.530048543183456786e+02
1.275344330085166348e+03
5.239798809303645157e+02
5.505688758746924805e+02
1.052372581077529048e+03
6.359993013581004107e+02
5.949384220681469060e+02
6.760510416761620718e+02
4.615295245180444113e+02
5.679110660272433506e+02
5.797229881591956655e+02
5.336135174739359854e+02
6.049332118354759587e+02
5.950999087994304091e+02
7.483403928464815635e+02
2.870496641251515939e+02
6.359654336711211045e+02
6.815283838162160919e+02
1.262202119742887589e+03
7.071900609759441068e+02
7.389416202853524283e+02
1.574426235082885569e+03
9.817360678014611040e+02
9.959655683799734334e+02
6.209953146426572630e+02
7.712466219030876573e+02
1.220479634028611599e+03
9.215619419476403209e+02
7.836011502610779189e+02
7.385492361326358832e+02
4.478453056215860784e+02
8.141004231518681991e+02
6.015391057966390917e+02
4.473634674379721332e+02
5.134292836887946123e+02
5.375663440874930075e+02
4.696370314707756961e+02
3.264406915996868861e+02
1.078014117331804073e+03
5.211030964086684207e+02
5.844508992107851100e+02
4.912047345865028660e+02
6.132597123017606009e+02
6.944208835674278362e+02
4.613996938216522494e+02
8.181028441902202530e+02
7.697468390631645434e+02
4.480047812756757821e+02
8.443833093654990307e+02
7.009768646148505695e+02
1.268966215459816112e+03
1.260572577958968395e+03
6.385832837307885939e+02
1.428179784264934369e+03
9.783861177657403232e+02
9.533476251238814712e+02
8.307922521454804610e+02
1.017638788979039759e+03
1.019887816531295357e+03
7.112593621572139000e+02
7.989538210892218331e+02
9.132088439719025246e+02
6.490260110059892895e+02
8.717715883527537244e+02
1.241369023035779264e+03
6.309502613054389712e+02
1.267380152137486903e+03
6.184222799118526837e+02
1.265163582114684687e+03
9.045045312835015920e+02
2.086184558956454566e+03
1.772861172032052082e+03
1.085728373792320781e+03
9.541138924464910360e+02
6.289522064385307658e+02
