-1.000000000000000000e+00
2.000000000000000000e+00
2.636363636363636243e+00
2.947368421052631415e+00
2.824999999999999734e+00
2.671999999999999709e+00
2.876470588235294112e+00
2.799999999999999822e+00
3.532038834951456430e+00
3.488461538461538503e+00
3.445714285714285730e+00
3.403773584905660510e+00
3.362616822429906449e+00
3.328440366972477360e+00
3.289090909090909065e+00
3.250450450450450557e+00
3.212499999999999911e+00
3.175221238938053414e+00
3.167796610169491434e+00
3.132773109243697451e+00
3.098333333333333606e+00
3.134364322963495653e+00
3.103739402052655194e+00
3.100034423407917128e+00
3.247154133776485541e+00
3.222884681583476851e+00
3.198891018619934634e+00
3.175168470492138351e+00
3.170356149874222318e+00
3.147567318454144836e+00
3.236989664820419499e+00
3.227929391986551266e+00
3.208355644801428319e+00
3.188962300816168050e+00
3.195725527544632349e+00
3.177483242642264116e+00
3.159398899600522892e+00
3.141470456067761763e+00
3.138485847289961050e+00
3.124774668651550957e+00
3.107588107532169186e+00
3.114875713289118497e+00
3.126283861675264397e+00
3.113869481051788846e+00
3.107844887077338303e+00
3.092630646754829460e+00
3.077528688648722976e+00
3.166700243868640907e+00
3.153127930370697385e+00
3.216006729656224916e+00
3.203570131633640017e+00
3.225381055278321085e+00
3.213512007370235679e+00
3.201709452727742100e+00
3.189972834144704006e+00
3.178301600623409495e+00
3.166695207288344527e+00
3.164411711298093177e+00
3.153033537223508098e+00
3.260587499116910593e+00
3.244751796840177338e+00
3.234857270507216498e+00
3.226806888741521551e+00
3.217022613536101971e+00
3.209110066929944605e+00
3.199433951833554168e+00
3.189802222586229696e+00
3.231231264050635321e+00
3.227135678824672560e+00
3.259520143378056289e+00
3.278348544783888929e+00
3.270152474774724372e+00
3.310749271129296734e+00
3.304305323545206452e+00
3.296660021016707187e+00
3.320372189546451303e+00
3.313061915114054568e+00
3.305776337554739985e+00
3.299696282546138448e+00
3.292469902239337998e+00
3.285267771530882897e+00
3.278089768563494211e+00
3.270935772294993438e+00
3.263805662491495951e+00
3.271273842863408721e+00
3.264306022565099941e+00
3.264547728761945322e+00
3.261249345885266049e+00
3.254431346931849767e+00
3.257128693741965453e+00
3.250424554066781546e+00
3.261166807730270456e+00
3.254631275816573854e+00
3.248115760845951439e+00
3.241620170997562944e+00
3.235144415011307117e+00
3.228688402183546025e+00
3.222252042362870661e+00
3.252202307003487114e+00
3.282387927860307197e+00
3.276529668041072707e+00
3.270687414396208137e+00
3.286282367335131571e+00
3.310701124636278525e+00
3.319880033876113856e+00
3.314533647695574015e+00
3.311752693766039091e+00
3.306449184917618300e+00
3.301158706803469123e+00
3.295881211457698079e+00
3.290616651149539162e+00
3.285364978381914103e+00
3.288820274562830548e+00
3.289644960930650619e+00
3.284519937082465812e+00
3.279407144794777906e+00
3.275170461116695186e+00
3.274400930659602693e+00
3.276190862383653535e+00
3.271195312310775538e+00
3.266211420464438575e+00
3.261239146081612805e+00
3.256278448589084995e+00
3.306122294029719466e+00
3.315447455919851460e+00
3.310919179470827256e+00
3.306400396263834640e+00
3.301891076477171172e+00
3.297391190413910600e+00
3.298035246924998276e+00
3.305102933777470220e+00
3.300718918569957694e+00
3.296343823027160003e+00
3.291977619954978174e+00
3.289063807533635586e+00
3.284722649833702768e+00
3.286164471450048641e+00
3.281869717470639713e+00
3.277583561597295692e+00
3.273305978035698338e+00
3.269036941094603854e+00
3.264776425185327735e+00
3.260524404821234956e+00
3.256280854617229714e+00
3.259414756685417025e+00
3.275197296969059924e+00
3.271106199077223220e+00
3.278065892688981631e+00
3.274723663567385756e+00
3.276821208599346669e+00
3.275538441182296978e+00
3.271579609292313506e+00
3.267628101790655215e+00
3.268953091558136403e+00
3.265050940651776035e+00
3.261155916961683054e+00
3.257268000979053557e+00
3.253387173266219623e+00
3.249513414456323357e+00
3.245646705252996256e+00
3.241577013759682657e+00
3.237738482525510886e+00
3.247514230187113604e+00
3.243745362192271386e+00
3.239983176587490910e+00
3.244922086856996124e+00
3.241208244261320814e+00
3.242138160895473131e+00
3.243055240026479602e+00
3.237718644075223917e+00
3.237353338278778914e+00
3.236340738712743192e+00
3.232729195030976221e+00
3.233692926139995816e+00
3.230111121633955307e+00
3.227840798119270271e+00
3.224276008238899927e+00
3.222681803169189063e+00
3.234560778412621573e+00
3.231078409351427094e+00
3.227601763164613669e+00
3.224130825756432728e+00
3.220665583077387151e+00
3.217206021124045190e+00
3.223293969070659237e+00
3.219879826815954083e+00
3.216471200138396824e+00
3.213068075683079172e+00
3.228946770866511162e+00
3.225622127178723098e+00
3.221082536988411071e+00
3.228236650653924400e+00
3.224989157066632472e+00
3.227085276296307814e+00
3.223865866337209063e+00
3.251961930241603849e+00
3.249953267128830703e+00
3.246857889658234519e+00
3.243767017831699739e+00
3.243431798913591013e+00
3.240359074946238760e+00
3.237290797757420791e+00
3.234803138535420342e+00
3.238334586928738990e+00
3.235311523742627315e+00
3.233385591663461511e+00
3.230374648852889941e+00
3.239057228152681489e+00
3.236101121299018502e+00
3.233985327053118919e+00
3.231047099900409947e+00
3.235009533303430107e+00
3.232100872909677847e+00
3.229196205186335433e+00
3.227355391066089929e+00
3.224461923994860424e+00
3.221572415154918545e+00
3.218686856429590737e+00
3.217942010188345137e+00
3.229619117532926520e+00
3.245392004819312781e+00
3.242635256764235585e+00
3.248207570397191990e+00
3.245487847240727586e+00
3.246627636785497373e+00
3.252955384908872816e+00
3.250283930521367104e+00
3.249500323976215466e+00
3.253382144782888563e+00
3.250745206069446169e+00
3.249042089969069735e+00
3.246414358311698667e+00
3.243789874777513127e+00
3.241168633347755623e+00
3.238550628018528776e+00
3.235935852800750467e+00
3.239885096204166537e+00
3.237295062547352664e+00
3.241652763091359191e+00
3.240007256878029374e+00
3.240199649663269010e+00
3.237651452758423254e+00
3.237867240087232812e+00
3.235338679681452945e+00
3.232813134851589165e+00
3.231206920920306480e+00
3.232343177706403115e+00
3.229838832630837153e+00
3.227337449524609436e+00
3.224839023136001792e+00
3.222343548225703014e+00
3.229852929572328168e+00
3.227389415926682936e+00
3.224928770166539671e+00
3.222470987286861543e+00
3.220921966983806506e+00
3.222084128911677947e+00
3.219646435996601941e+00
3.217211556345132450e+00
3.230750071833963233e+00
3.230966588152006214e+00
3.228586966898827182e+00
3.226210020880334373e+00
3.226443240283379144e+00
3.236861196804098117e+00
3.234534529480208143e+00
3.232210416127035746e+00
3.233253619980043236e+00
3.230942892021538615e+00
3.228634685315580288e+00
3.226328995737981931e+00
3.224025819173546470e+00
3.227197067703330369e+00
3.224912096315382559e+00
3.225062920561306612e+00
3.222793821248437940e+00
3.222197158631275649e+00
3.219936881779759563e+00
3.217679023630064972e+00
3.215423580301920659e+00
3.213170547923351883e+00
3.210919922630657730e+00
3.208671700568388463e+00
3.216047493497412368e+00
3.226059177989933247e+00
3.223868374890923594e+00
3.221679842054192555e+00
3.225211896139327461e+00
3.235589296455877673e+00
3.240115720594235249e+00
3.238000949661270500e+00
3.237408907497933974e+00
3.235301792178442160e+00
3.233196771406981807e+00
3.231093842062020549e+00
3.229757888924031484e+00
3.227660834938446577e+00
3.227479932808130059e+00
3.225391256951999797e+00
3.223304643985603679e+00
3.221220090854317597e+00
3.222589343846192111e+00
3.222805630969577617e+00
3.222641241615835650e+00
3.220581416619925363e+00
3.219344630078194935e+00
3.217294414028594396e+00
3.215246189446744562e+00
3.213199953432450240e+00
3.211155703091143732e+00
3.209879798483937563e+00
3.207841115772807505e+00
3.205804406617060565e+00
3.204923625154998845e+00
3.202893241946328740e+00
3.202788591271471752e+00
3.200766075106278752e+00
3.198745504603582201e+00
3.196726876957137975e+00
3.197025349339169598e+00
3.195015279727417390e+00
3.194164390091227101e+00
3.202449011354173258e+00
3.200467658684982286e+00
3.198865710819994046e+00
3.202855166415352173e+00
3.206446790934738278e+00
3.209622181061683399e+00
3.207686722587632211e+00
3.210109059245018326e+00
3.208185756796756216e+00
3.206264210789086633e+00
3.204707400377782900e+00
3.202790069141860485e+00
3.200874485701048044e+00
3.198960647666559964e+00
3.197048552653961373e+00
3.195138198283158371e+00
3.193229582178388704e+00
3.191322701968212439e+00
3.189417555285499528e+00
3.189355676168675657e+00
3.187457463356637266e+00
3.185560969940262055e+00
3.183666193584472115e+00
3.181773131958415934e+00
3.180809646037195737e+00
3.183722476693127579e+00
3.181850565070445835e+00
3.185806400058813104e+00
3.183948518833753738e+00
3.182092286127971015e+00
3.180237699748313496e+00
3.178384757505517300e+00
3.177626554394887837e+00
3.175778864631776610e+00
3.173932808546616524e+00
3.184698003887052487e+00
3.182877778570007532e+00
3.181059136057585501e+00
3.179242074286156683e+00
3.178497185653990087e+00
3.181653453850192381e+00
3.182317874970982174e+00
3.182977745262177471e+00
3.184329076271290138e+00
3.186359632286873023e+00
3.184584999123546645e+00
3.186603126500399341e+00
3.184838116750610126e+00
3.185134936079212498e+00
3.183376476022036439e+00
3.181619493041766944e+00
3.179863985278105432e+00
3.178454703411261129e+00
3.176702730789285667e+00
3.174952226711000414e+00
3.173203189330727536e+00
3.171455616805882283e+00
3.169709507296964102e+00
3.170394665386919719e+00
3.171419789248731025e+00
3.172779806677337167e+00
3.171053377299316356e+00
3.169328375902583872e+00
3.167604800716183444e+00
3.165882649972085794e+00
3.170670497103462271e+00
3.168961906158315411e+00
3.169634958322763651e+00
3.167933066503040074e+00
3.166232563415931178e+00
3.164533447362336105e+00
3.164538654569750697e+00
3.162845064226290415e+00
3.161493707002213771e+00
3.159803417113097979e+00
3.158114499769568706e+00
3.156426953300506266e+00
3.158155964821191208e+00
3.156476580344284244e+00
3.154798551849999022e+00
3.153121877696710040e+00
3.151446556245440789e+00
3.149772585859857976e+00
3.148786150999777433e+00
3.147115947235284761e+00
3.154632170753362885e+00
3.153988876364247851e+00
3.154689387057229677e+00
3.153043965517801084e+00
3.151399846766606228e+00
3.150093359546063176e+00
3.148452357822240977e+00
3.150171658634822069e+00
3.148538375809699641e+00
3.148581080852943526e+00
3.152183687233178766e+00
3.150566793273975819e+00
3.148951158087804458e+00
3.147336780205280071e+00
3.151335210636618811e+00
3.149731759415824506e+00
3.148129546381301047e+00
3.146857841484401952e+00
3.145258590484986350e+00
3.147529906143184952e+00
3.145940814225122395e+00
3.144352939535645319e+00
3.142766280676711155e+00
3.141180836252418285e+00
3.141894515500789797e+00
3.140314845586411163e+00
3.138736380147757909e+00
3.137159117807762687e+00
3.135583057191455136e+00
3.134008196925959222e+00
3.137686539965028221e+00
3.136121605570185267e+00
3.134557854490574336e+00
3.132995285384569062e+00
3.131433896912568571e+00
3.131186095447801687e+00
3.129628920138548764e+00
3.128072918284690918e+00
3.133048794440212781e+00
3.131504306848867714e+00
3.131582969846222309e+00
3.130043058191415373e+00
3.128504294011761555e+00
3.126966676025164649e+00
3.125430202951439806e+00
3.123894873512306436e+00
3.127553818464336999e+00
3.126027920564720120e+00
3.126440090386271464e+00
3.127023840354179907e+00
3.125508780207206794e+00
3.125599237100524341e+00
3.124088581942303655e+00
3.122579032680977917e+00
3.121070588102609289e+00
3.118740578611269854e+00
3.117235190972888592e+00
3.115730903362010640e+00
3.114227714573346795e+00
3.113373032652981820e+00
3.111872896608979921e+00
3.111669269203430233e+00
3.110173028566893372e+00
3.112230247283269247e+00
3.110740848425144200e+00
3.110862118721295033e+00
3.109376980672624136e+00
3.116191585868273162e+00
3.114719414342569159e+00
3.114514631382300447e+00
3.122751670491289655e+00
3.121296923959711922e+00
3.119843203704346646e+00
3.118390508639571124e+00
3.120349537395302963e+00
3.126263655587129708e+00
3.126347857763745353e+00
3.127079348781848012e+00
3.131359119659334223e+00
3.129940383697912942e+00
3.128821687483981595e+00
3.144140779720162371e+00
3.142746854129943479e+00
3.159719117251833520e+00
3.158350788594842751e+00
3.156983359858047677e+00
3.155616830153952002e+00
3.155361469421832155e+00
3.157040339107003213e+00
3.155681829192262366e+00
3.154324206902424876e+00
3.152967471367838836e+00
3.153546057761668298e+00
3.152193551718763587e+00
3.150841926213646449e+00
3.149491180386697842e+00
3.148141313379415163e+00
3.147346895459318450e+00
3.145999479313944747e+00
3.155622442234152558e+00
3.159409492618133974e+00
3.159155978793995789e+00
3.157833512664013575e+00
3.156511887262658078e+00
3.167361853219017309e+00
3.167306465016491934e+00
3.166005401493227289e+00
3.164705150119477839e+00
3.163666656576046954e+00
3.162368350789774407e+00
3.161070854421074383e+00
3.159774166713246402e+00
3.160831096919169525e+00
3.159538913348697964e+00
3.158247532127540058e+00
3.156956952508630287e+00
3.161132953447227667e+00
3.162946054953271968e+00
3.165510327217478270e+00
3.168302523095078094e+00
3.167035946819449332e+00
3.166023474334286991e+00
3.164758743467761537e+00
3.163494780267923190e+00
3.164320940169746077e+00
3.163062456960265667e+00
3.161804734163601083e+00
3.160547771090763902e+00
3.159291567053598815e+00
3.158036121364780957e+00
3.159065203154233892e+00
3.157813980168928669e+00
3.157576951060835135e+00
3.156328429453909568e+00
3.155080657484695017e+00
3.162014792128392315e+00
3.164742956346101366e+00
3.163514418600866573e+00
3.162286605442918841e+00
3.163771342655579577e+00
3.162548143083706798e+00
3.161325661984416335e+00
3.160103898724878846e+00
3.158882852673007946e+00
3.162821195408847430e+00
3.165015644325475552e+00
3.164049297462837362e+00
3.165021377041937978e+00
3.168865405134254409e+00
3.167667110967788968e+00
3.166469505476131374e+00
3.165272588065767501e+00
3.164076358143865342e+00
3.162880815118271460e+00
3.161685958397514096e+00
3.160491787390800500e+00
3.159298301508014717e+00
3.158105500159718915e+00
3.156913382757149833e+00
3.155721948712221003e+00
3.155257337262221462e+00
3.154068082157109210e+00
3.152879507598552067e+00
3.153145025430307946e+00
3.154373435541400372e+00
3.153191200642270875e+00
3.152009638423026949e+00
3.154436102819863752e+00
3.153259875157683911e+00
3.155129928171818143e+00
3.154673829181475764e+00
3.158947753727085139e+00
3.157785387110615627e+00
3.156623670042409291e+00
3.155462601978151760e+00
3.154302182374136621e+00
3.153142410687264974e+00
3.152219898181300994e+00
3.151061677847080134e+00
3.152268107642320238e+00
3.151113737859823072e+00
3.149960009750356615e+00
3.148806922779045170e+00
3.147654476411606339e+00
3.147449685182186041e+00
3.146299532745918448e+00
3.145150018043188389e+00
3.148250445416928223e+00
3.147106731481053465e+00
3.145963648037977123e+00
3.144821194566486788e+00
3.143679370545945151e+00
3.142538175456288219e+00
3.144225059023540769e+00
3.143088097416126825e+00
3.141951759484855611e+00
3.140816044716693956e+00
3.150394183833725936e+00
3.150190893506835010e+00
3.149069220292373572e+00
3.147948153223934842e+00
3.146827691810313965e+00
3.145707835560838106e+00
3.144588583985362451e+00
3.143469936594273317e+00
3.142351892898484156e+00
3.141234452409436884e+00
3.141044212037118477e+00
3.147960542978063714e+00
3.146854125121841150e+00
3.148975697666473561e+00
3.147874881615089659e+00
3.146774649551000724e+00
3.145675001009618832e+00
3.144575935526848554e+00
3.143704406149250730e+00
3.143060743660913925e+00
3.141964115618653519e+00
3.140868067956409604e+00
3.142720914528676968e+00
3.142081251002969644e+00
3.140990368398017374e+00
3.139900060244147362e+00
3.138810326087726477e+00
3.141138864919702289e+00
3.140954321424775930e+00
3.139871718987802041e+00
3.138789682469509401e+00
3.140403575183210005e+00
3.139325345085505869e+00
3.138696155380781505e+00
3.137619491448580433e+00
3.139384976558535545e+00
3.137670497591877439e+00
3.136599671893743224e+00
3.135529400309811976e+00
3.135354297725432282e+00
3.136071444237541250e+00
3.136118695546312285e+00
3.135054331497020730e+00
3.141559858112835446e+00
3.140504683626692106e+00
3.139450046672125794e+00
3.141020787822992322e+00
3.145634896324227103e+00
3.146525260906326782e+00
3.145483682091731126e+00
3.144442626420688391e+00
3.145761276516570781e+00
3.144723539025577885e+00
3.143686320922718380e+00
3.145642118775163976e+00
3.148429413996819637e+00
3.146934617975452486e+00
3.145906367388302538e+00
3.144878626593213600e+00
3.143921453026921053e+00
3.142895729894983781e+00
3.147566064104162731e+00
3.146546755658818917e+00
3.148949566296161073e+00
3.148143628091715662e+00
3.147130155424211928e+00
3.146117177858158254e+00
3.150292166541577732e+00
3.152370339978554092e+00
3.153004517768709380e+00
3.152002828304703019e+00
3.151001621931829977e+00
3.150000898300699070e+00
3.150638375307024397e+00
3.149640145779533551e+00
3.148642396285477041e+00
3.155159334322444664e+00
3.154169539340471395e+00
3.155192142112449361e+00
3.156409316785429908e+00
3.155424852238583711e+00
3.154440853931162803e+00
3.154857888478208583e+00
3.158251933745016338e+00
3.157670595760230015e+00
3.156694158325810129e+00
3.155718179420356595e+00
3.170514564881663055e+00
3.173361697879711230e+00
3.172405162995942884e+00
3.171449066487465718e+00
3.170493408052989626e+00
3.169538187391502504e+00
3.168773746829510074e+00
3.167819575681231292e+00
3.166865841224553613e+00
3.165912543159757231e+00
3.164959681187396789e+00
3.164580376177170695e+00
3.163819946585495479e+00
3.163633065514784182e+00
3.162683331695095745e+00
3.161734031049327154e+00
3.161931631637363349e+00
3.160984230856203059e+00
3.163274478837292847e+00
3.162330853615435089e+00
3.161387656050600459e+00
3.160444885852129460e+00
3.159502542729626384e+00
3.158560626392957538e+00
3.157619136552252570e+00
3.157440915004816606e+00
3.165556637475128721e+00
3.164625162377303180e+00
3.163694103767337396e+00
3.162763461365958761e+00
3.163142286066777942e+00
3.162213635099553777e+00
3.161285398338826713e+00
3.160918833812678130e+00
3.162603536786875225e+00
3.161679335291140980e+00
3.160755544095737779e+00
3.162063684407104613e+00
3.161142670093228357e+00
3.160407813791484166e+00
3.159487776680959481e+00
3.163928762335522560e+00
3.163565348145588096e+00
3.164850892132041960e+00
3.167219643886508340e+00
3.166311555055850935e+00
3.165403861906601168e+00
3.164496564180200533e+00
3.170812548823683130e+00
3.169912308687955704e+00
3.170623244917359251e+00
3.170618138556958510e+00
3.173630934535808912e+00
3.172737797164840501e+00
3.176776632528987676e+00
3.175888523527811813e+00
3.175176137332901050e+00
3.174288934583786581e+00
3.178669751396054011e+00
3.179346093742094759e+00
3.178466601719000639e+00
3.180084762624146411e+00
3.181971143131308466e+00
3.181098444645679812e+00
3.180568038945171594e+00
3.180550665849218639e+00
3.179680080537713227e+00
3.178809857743514211e+00
3.177939997240236458e+00
3.177070498801684906e+00
3.176201362201851008e+00
3.175332587214914959e+00
3.174464173615244800e+00
3.180919980779492118e+00
3.180227389110444225e+00
3.179704292102552454e+00
3.178843916579271234e+00
3.181185679938929756e+00
3.180328703984853345e+00
3.179472079250429850e+00
3.178615805519790616e+00
3.177759882577242845e+00
3.176904310207270044e+00
3.178907110128973201e+00
3.178054619898428967e+00
3.185344052250020042e+00
3.187615395563575760e+00
3.187753313264129140e+00
3.189678556482308913e+00
3.188840285462604562e+00
3.189137784007610499e+00
3.192654697406058339e+00
3.198532431996060854e+00
3.197864113116660523e+00
3.197038412071594227e+00
3.196213035786034329e+00
3.196493871386606234e+00
3.195670060261481371e+00
3.194846572516581773e+00
3.194023407961535721e+00
3.196667959947643300e+00
3.200687883318187765e+00
3.201422566247963175e+00
3.200608810182449027e+00
3.199795369281948965e+00
3.198982243363404532e+00
3.198169432243899379e+00
3.197356935740658823e+00
3.196544753671049843e+00
3.197822228628934838e+00
3.197012931881561215e+00
3.197287021688095532e+00
3.196479229728571347e+00
3.198447953532053134e+00
3.197796832982491289e+00
3.196992349112621312e+00
3.197111211037254819e+00
3.196308089871729319e+00
3.198266173054272077e+00
3.197465893570273998e+00
3.196665919128960809e+00
3.202087061857244787e+00
3.201293316662334298e+00
3.203711601411522558e+00
3.202921578558410420e+00
3.202131852594757966e+00
3.205075863782592016e+00
3.206662762257092680e+00
3.205878814668151389e+00
3.205095159215446632e+00
3.204311795735711677e+00
3.203528724065803690e+00
3.202894380843288147e+00
3.202408954132732077e+00
3.201627110606381610e+00
3.200845557944438369e+00
3.200064295984619722e+00
3.199283324564764275e+00
3.198502643522829647e+00
3.197871347242018381e+00
3.197091363714102741e+00
3.198841799909129868e+00
3.198064380579392907e+00
3.197023067002354946e+00
3.198323298452145469e+00
3.200058063100390982e+00
3.199285567594946755e+00
3.199451454005998841e+00
3.198680771045087745e+00
3.199819059385810238e+00
3.199050424858104424e+00
3.198282071623912426e+00
3.197513999528847961e+00
3.197773387180248950e+00
3.198236252912072697e+00
3.197471825335067575e+00
3.196707676085962291e+00
3.195943805012776195e+00
3.195326649334095936e+00
3.196755309277973911e+00
3.197740319409989596e+00
3.196980684896885805e+00
3.197092945009975207e+00
3.200954952342830229e+00
3.201559535548453184e+00
3.203188384317757098e+00
3.202438082928196650e+00
3.201688049359942223e+00
3.203779896970795793e+00
3.203032558322445489e+00
3.202285485347272864e+00
3.202955142906467323e+00
3.202209673743128260e+00
3.201464468977435196e+00
3.202557604911331346e+00
3.201814315628538576e+00
3.201353745901318160e+00
3.200752454596882401e+00
3.200010272184409477e+00
3.202648749439535258e+00
3.201909627253562540e+00
3.202432960070884072e+00
3.203652274656584975e+00
3.204726312762228080e+00
3.203991991017072216e+00
3.203257925713943965e+00
3.202524116718532987e+00
3.201929867463134016e+00
3.201196674326252989e+00
3.200132014976881045e+00
3.199399518985430735e+00
3.198667278441579942e+00
3.197935293211725760e+00
3.197203563162360318e+00
3.196472088160066338e+00
3.195807005495409303e+00
3.196475431449449900e+00
3.196723296174962758e+00
3.195995077660963801e+00
3.195267111825145001e+00
3.194539398536016428e+00
3.193811937662180966e+00
3.193084729072331651e+00
3.192357772635252555e+00
3.192890209858105344e+00
3.192164670801199478e+00
3.191439382795870472e+00
3.190714345711837208e+00
3.192781736049660868e+00
3.192476684905293016e+00
3.191754715440008994e+00
3.191032994586799454e+00
3.190311522217271989e+00
3.189590298203120788e+00
3.191374100627917709e+00
3.190988106422527615e+00
3.190270102635235805e+00
3.189552344823890273e+00
3.188834832862112112e+00
3.187720622204975651e+00
3.187421070025536984e+00
3.186704781782289331e+00
3.185988738549557553e+00
3.185272940201652414e+00
3.184975419394952656e+00
3.184817509697671856e+00
3.184103133202332625e+00
3.183389000563110471e+00
3.182675111655164368e+00
3.181566994117477787e+00
3.189909528709891084e+00
3.189203324508186999e+00
3.189180556374317632e+00
3.190383494173173240e+00
3.191851168029990582e+00
3.197065047258489390e+00
3.196367512765011742e+00
3.196909920820816264e+00
3.197278763654030076e+00
3.200554065635042189e+00
3.199862274781017923e+00
3.199170711752073348e+00
3.202941017103854371e+00
3.202253025449393053e+00
3.205725127396669372e+00
3.212195150065404015e+00
3.211516092327202365e+00
3.210494021238794016e+00
3.209942871240005768e+00
3.209901078671610453e+00
3.209223592176813078e+00
3.212726536777643194e+00
3.212052392668701462e+00
3.211378464285874479e+00
3.211209496688523846e+00
3.211487690610863588e+00
3.211067521061926833e+00
3.210396006547326042e+00
3.211108285382505478e+00
3.213192730266140273e+00
3.212524711758091289e+00
3.217439533615344072e+00
3.218006498594953246e+00
3.217343811006800003e+00
3.216681331614558825e+00
3.216019060320132184e+00
3.216341492637747823e+00
3.215680313165795834e+00
3.215019341025130206e+00
3.217669896512376226e+00
3.217011605596734825e+00
3.217574533664425029e+00
3.218743139113814156e+00
3.218087545774402702e+00
3.224421520951382902e+00
3.223771109631759835e+00
3.223120898561927739e+00
3.224857044201055789e+00
3.224208861162669582e+00
3.224037000928757113e+00
3.223984278918407220e+00
3.223337420682738319e+00
3.223404215551213259e+00
3.222758237543328352e+00
3.222112457112445316e+00
3.221466874167933092e+00
3.220940592641131417e+00
3.220295484801815711e+00
3.219650574122598030e+00
3.219005860513106221e+00
3.222045515745519229e+00
3.221403672401684570e+00
3.220762024176665239e+00
3.220120570981501729e+00
3.220426977850702865e+00
3.219786548870755993e+00
3.223856636564361722e+00
3.223804935521814130e+00
3.224103725106572504e+00
3.223468234851554204e+00
3.222949820583287828e+00
3.222314790535079965e+00
3.222731735294036337e+00
3.223116021440563639e+00
3.224458707378998756e+00
3.223827437398816720e+00
3.225048921012502845e+00
3.224095640389186279e+00
3.223466305520236386e+00
