0.000000000000000000e+00
0.000000000000000000e+00
0.000000000000000000e+00
0.000000000000000000e+00
0.000000000000000000e+00
0.000000000000000000e+00
3.219883961306940767e-01
4.925252801336345021e-01
7.112842916272895666e-01
8.449850162783092422e-01
8.082465373096870964e-01
1.235345369932957293e+00
1.533020313882509145e+00
1.559704867374937187e+00
2.056297181698321985e+00
2.270179080705977626e+00
2.206958399252192837e+00
2.288355251772505206e+00
2.306088599345669010e+00
2.577084434912947142e+00
2.692018768068795698e+00
2.719039046363008527e+00
2.785903837297736718e+00
2.922294286198871660e+00
3.212325016955013712e+00
3.198390246645185897e+00
3.189377982577753290e+00
3.171460128743047058e+00
3.167691774265177784e+00
3.190207827688866349e+00
3.173678253452136833e+00
3.246635497309964702e+00
3.340629539040402829e+00
3.345495812657489854e+00
3.342771171971020028e+00
3.387439941693728418e+00
3.404958106979049770e+00
3.405473039225612730e+00
3.425241432423072663e+00
3.425308802287345689e+00
3.438618997607721717e+00
3.464217275821515063e+00
3.459528212429378691e+00
3.457644706771228815e+00
3.475113882085186567e+00
3.466917858778381767e+00
3.479577312493289387e+00
3.477618687772396466e+00
3.486002536073036673e+00
3.480783836267900888e+00
3.478929112960547521e+00
3.486685339191425204e+00
3.496959189965061388e+00
3.492103678132906897e+00
3.504586492288729094e+00
3.547131849717001018e+00
3.556827946149888398e+00
3.551053874808736133e+00
3.548953676659455603e+00
3.549761371649021502e+00
3.548433782288233918e+00
3.551302433868376518e+00
3.567710184959448139e+00
3.563152887910147726e+00
3.571658490692238175e+00
3.568460401233820356e+00
3.567455228049929428e+00
3.569622226762013462e+00
3.572836450058570978e+00
3.590930780743910145e+00
3.589048217181835199e+00
3.585186617626107797e+00
3.587863846085976416e+00
3.586069271377967382e+00
3.589094521271799731e+00
3.586389150335993481e+00
3.587946775953224421e+00
3.585764848079471712e+00
3.582673710698038416e+00
3.598268766097993510e+00
3.601191731982636313e+00
3.609171940440071946e+00
3.605913815828779345e+00
3.602364688057294373e+00
3.600785247618601748e+00
3.601934804894889819e+00
3.608657124239144753e+00
3.611113447283528011e+00
3.624780993863903067e+00
3.623241657628706314e+00
3.622049451501496264e+00
3.620541795531949880e+00
3.623612081322677980e+00
3.625002130968083325e+00
3.636955043003411880e+00
3.631981621059539478e+00
3.629085896791197641e+00
3.626510438550905047e+00
3.625117673205453528e+00
3.623441341686504558e+00
3.622075055932878929e+00
3.625114765450569543e+00
3.628621867419186575e+00
3.629800165985362259e+00
3.629302251310348559e+00
3.626877694388755735e+00
3.625017523188789337e+00
3.627303307431227530e+00
3.630060245863463653e+00
3.627714835437760854e+00
3.625913645092171844e+00
3.630726367715030101e+00
3.630511947842629095e+00
3.631577086504480523e+00
3.632871325996234635e+00
3.632398928213501410e+00
3.630989489785914071e+00
3.633963142360415954e+00
3.633739553536450284e+00
3.632316523505162653e+00
3.634961437142217200e+00
3.637069209337080444e+00
3.638439912711224355e+00
3.639330651953609497e+00
3.637508046109848792e+00
3.640621391034359000e+00
3.640373094023146905e+00
3.641617904638313252e+00
3.640506969246223967e+00
3.639835088939009200e+00
3.636339695022253071e+00
3.634829992305711244e+00
3.638461707717286497e+00
3.636552078687313116e+00
3.637390737739705227e+00
3.635290627613989134e+00
3.638614762380573797e+00
3.637576978485795642e+00
3.636546226441236040e+00
3.635111756071791156e+00
3.633064958911840669e+00
3.630910045298160416e+00
3.629292187280322324e+00
3.629952514349176429e+00
3.629991412497085346e+00
3.628604529915913979e+00
3.628244485683031595e+00
3.628495337789562569e+00
3.626927990688330272e+00
3.625365743414976194e+00
3.624215484509040408e+00
3.623060304124008368e+00
3.628298202358558822e+00
3.627173469684298102e+00
3.627031497533387494e+00
3.626113690770262021e+00
3.629624569665932832e+00
3.636887586932918026e+00
3.639396386501434488e+00
3.640967850429991604e+00
3.641988494070307336e+00
3.642363813342477386e+00
3.640623553517660316e+00
3.643817756718070289e+00
3.642102211634869580e+00
3.641737035870821870e+00
3.640030504926177635e+00
3.641182666130325707e+00
3.640659767366880128e+00
3.639642077372961193e+00
3.640781079941576515e+00
3.641086109978352248e+00
3.641937203379163712e+00
3.641588577894673939e+00
3.642837940731490587e+00
3.650386543397627914e+00
3.648806289482737331e+00
3.648444384952618691e+00
3.647479573453150881e+00
3.646670613178164100e+00
3.646773069472725393e+00
3.645367972997065831e+00
3.644116970049051218e+00
3.649044734547230551e+00
3.649132442214353400e+00
3.650373639728015540e+00
3.649016982399837961e+00
3.650532919828434419e+00
3.650894418055409485e+00
3.650124573001537698e+00
3.649922864458272187e+00
3.647790961706583790e+00
3.647163922736348152e+00
3.646374756853328680e+00
3.645209362614406867e+00
3.646705193598087646e+00
3.645214484690147749e+00
3.645037934574216099e+00
3.650169406300600272e+00
3.656661231914851040e+00
3.656449888267276016e+00
3.655215113844415775e+00
3.655393972716827644e+00
3.654806566942126356e+00
3.655239937617574597e+00
3.654150000163383982e+00
3.654331437616886280e+00
3.656138460306002536e+00
3.655064115253191304e+00
3.653992100666871856e+00
3.653172916075267729e+00
3.655705369405839011e+00
3.655752096072670376e+00
3.655554743520200933e+00
3.654261199732684595e+00
3.659236592721280878e+00
3.663228085622074470e+00
3.662322345662194500e+00
3.661765037617359386e+00
3.661210380715109292e+00
3.660543286010365271e+00
3.659878900319650352e+00
3.661617085997507459e+00
3.660503401623514286e+00
3.660528087598320379e+00
3.659916578250160590e+00
3.658701466504393540e+00
3.657714367201072125e+00
3.656615451478698375e+00
3.656087571796042823e+00
3.655106976250820150e+00
3.654230620432408205e+00
3.653826610948629927e+00
3.652857857323230650e+00
3.652004727160116371e+00
3.652514289839816630e+00
3.652794069827601575e+00
3.651950394131539657e+00
3.650153414287214293e+00
3.649089142494704063e+00
3.648592480976858621e+00
3.648793296315881562e+00
3.651855203939399441e+00
3.651252893437149982e+00
3.650982222148358769e+00
3.650164918667946345e+00
3.649898413419742305e+00
3.649524018381540724e+00
3.648384965941346980e+00
3.648780811082968700e+00
3.648302985392459785e+00
3.647172429772567614e+00
3.647164285935279970e+00
3.646802480684056214e+00
3.645899684416923137e+00
3.646245060696892804e+00
3.646470710151149763e+00
3.647501759560010548e+00
3.646722810074825460e+00
3.647006092692061774e+00
3.646760257914813064e+00
3.648713245559145779e+00
3.648361885262491278e+00
3.649046223119504884e+00
3.648387604429097930e+00
3.646899207524229247e+00
3.646968284259729742e+00
3.647036879903630791e+00
3.646594001780455230e+00
3.646652187733869344e+00
3.646417402599388957e+00
3.645474977068421829e+00
3.644706710575581710e+00
3.646089024345573026e+00
3.652049509985728193e+00
3.652098018249049893e+00
3.654337560665177786e+00
3.652697675909954533e+00
3.655841391666659668e+00
3.655039791403288607e+00
3.653519973014006883e+00
3.653189111003200651e+00
3.653046206352466463e+00
3.652345136887783283e+00
3.651365167706971171e+00
3.650385724260697629e+00
3.650063699155214447e+00
3.649086962816130875e+00
3.647993826740395296e+00
3.647302448957796983e+00
3.646448396822306481e+00
3.645761416591889681e+00
3.645734032331621854e+00
3.646640140161188537e+00
3.648732629778556724e+00
3.650516957278392205e+00
3.652508973698916250e+00
3.651840761744283181e+00
3.652152516034983698e+00
3.651487902005903230e+00
3.652328944595329752e+00
3.654695228803949369e+00
3.654731098280691537e+00
3.653991529095351520e+00
3.653561802061956687e+00
3.652738893136500575e+00
3.653631184225869521e+00
3.653244293683241661e+00
3.653792362806395744e+00
3.656093670108539584e+00
3.655625335883472715e+00
3.656485629992340503e+00
3.656102488923669291e+00
3.655803155291984297e+00
3.655422532634160948e+00
3.655619070803281634e+00
3.655158552959790086e+00
3.653991557533460721e+00
3.653781821733792068e+00
3.653409221225133230e+00
3.652874035647672102e+00
3.653239514347022432e+00
3.652870254755468338e+00
3.652148317588393311e+00
3.652351380976292639e+00
3.651580335068230987e+00
3.652592416729103952e+00
3.652148590385180249e+00
3.651302598124261944e+00
3.650699679727479552e+00
3.651868717759935379e+00
3.650480631562091904e+00
3.649883037963964405e+00
3.649608149311118765e+00
3.649815070222829139e+00
3.650167472522785506e+00
3.649417737187699906e+00
3.648549213679937342e+00
3.648439423508793578e+00
3.649732776479803320e+00
3.649307413123567656e+00
3.649275588907126000e+00
3.649745798223475557e+00
3.649170037657925025e+00
3.649371367046791992e+00
3.649262571614780626e+00
3.649154254614748183e+00
3.648590583812060917e+00
3.647781435966818808e+00
3.647299218665913223e+00
3.647809897957936531e+00
3.647376927864972807e+00
3.646739689228716941e+00
3.646485869225726706e+00
3.646385576088238434e+00
3.647424280079181180e+00
3.647096024248764667e+00
3.647372307810547998e+00
3.647196151176505197e+00
3.650736241088207379e+00
3.650849705053324623e+00
3.650156798566418725e+00
3.649390924290596860e+00
3.649654286795437130e+00
3.650134850003956100e+00
3.649884989633656041e+00
3.648840558710807702e+00
3.650475866847539219e+00
3.651946047379742932e+00
3.653256118272280695e+00
3.654620115914471334e+00
3.656174294167965133e+00
3.655009985454869437e+00
3.655795839326357211e+00
3.656686997870056466e+00
3.656370547417204353e+00
3.656327028330475404e+00
3.655740273175338562e+00
3.655358425240271103e+00
3.656669763050267807e+00
3.658031932592554991e+00
3.657519147139531412e+00
3.657073916361855748e+00
3.657827123089946397e+00
3.657623708021242592e+00
3.656917603058304156e+00
3.656211770670144023e+00
3.656103483691392153e+00
3.655863278292367013e+00
3.655160227661926164e+00
3.654523872326416178e+00
3.654352942591060582e+00
3.654777812935937398e+00
3.653917289901880583e+00
3.654012406202867158e+00
3.653646125137339329e+00
3.655312494394412859e+00
3.654686903882547799e+00
3.654061786049573879e+00
3.653437140359978130e+00
3.653988543142671741e+00
3.655954291777984810e+00
3.655785931683704693e+00
3.655169136775273664e+00
3.655066572847451845e+00
3.655028403589321684e+00
3.656199833089749607e+00
3.656412713035224193e+00
3.657064888280455062e+00
3.657961534806938531e+00
3.657793717288135849e+00
3.657564199153898965e+00
3.658142201656664039e+00
3.657603746442151138e+00
3.657189925003878184e+00
3.656528588670242996e+00
3.655867491474678044e+00
3.655766665826825967e+00
3.655976079076033614e+00
3.655566102382025395e+00
3.655032907143501486e+00
3.654934175699038779e+00
3.654959379761268057e+00
3.654367053569513857e+00
3.655316668806134039e+00
3.654850168241047026e+00
3.656157660181607039e+00
3.657027667373449198e+00
3.657108257836310550e+00
3.657488718750471879e+00
3.658701113977781638e+00
3.658452991683861288e+00
3.659943455757665998e+00
3.659781586167414336e+00
3.662061883196528367e+00
3.661494336027944829e+00
3.661100703875072249e+00
3.660765563414395629e+00
3.660892949016605336e+00
3.661421705254222392e+00
3.660620166372001716e+00
3.662229442564458815e+00
3.661670897724887297e+00
3.661055800984130304e+00
3.660839654967040779e+00
3.661757419144853642e+00
3.661598063230831812e+00
3.661833252952865436e+00
3.661730608110646212e+00
3.661516111282913322e+00
3.661021571376724459e+00
3.661424708169562781e+00
3.660665595254197768e+00
3.660341931185060460e+00
3.661401463876669649e+00
3.661522440920089050e+00
3.663188582677835203e+00
3.664497411773131486e+00
3.665951645956075033e+00
3.666751662780937338e+00
3.666379986030833038e+00
3.665955742843800547e+00
3.666962295262527594e+00
3.666645558906265645e+00
3.666223898211195653e+00
3.665749949784669059e+00
3.665265057161186668e+00
3.665003929438550134e+00
3.664532125439130539e+00
3.664113654327393110e+00
3.663536901036927418e+00
3.663542801616276545e+00
3.663020250084435325e+00
3.664447382498844608e+00
3.663927892054868796e+00
3.664194541990287934e+00
3.663938111363121752e+00
3.664671714507215849e+00
3.664260280453048413e+00
3.663693320793377506e+00
3.663126536554393464e+00
3.662924896830593191e+00
3.663709791089029277e+00
3.662711390920056154e+00
3.662563249212178906e+00
3.662000729898830631e+00
3.661594282789145893e+00
3.661862638146247129e+00
3.662798956472308021e+00
3.662102591339202018e+00
3.661648261843687191e+00
3.661503194332810018e+00
3.663248947661218669e+00
3.662790183024334567e+00
3.662949207258574980e+00
3.663561549131260531e+00
3.663063476811161401e+00
3.662843919321688624e+00
3.662548879250664857e+00
3.662907744026592916e+00
3.662412978259253826e+00
3.662420558339575916e+00
3.661977147077141836e+00
3.661785031854514649e+00
3.661292432171142863e+00
3.660850376275363249e+00
3.661061194185442069e+00
3.660570336858555152e+00
3.661380229526000729e+00
3.661488992637107476e+00
3.661795553582118057e+00
3.662199188063478772e+00
3.662207002894854568e+00
3.661771825711598538e+00
3.661287696993255736e+00
3.661837984880763841e+00
3.661404736592468456e+00
3.661119333022865074e+00
3.661765391484932408e+00
3.661236463940300556e+00
3.660854632576685752e+00
3.660424248175858875e+00
3.661167175486373715e+00
3.660640994518353342e+00
3.661767487467281867e+00
3.661679286000099953e+00
3.662054834725527730e+00
3.664063722209641050e+00
3.663642049271841117e+00
3.663836330375841666e+00
3.663368566437023688e+00
3.663185057797386346e+00
3.663001960958343073e+00
3.662677502681567443e+00
3.662164235094308662e+00
3.662926295593660786e+00
3.664196026882269308e+00
3.664060452250829769e+00
3.664250689213196743e+00
3.664717790570066747e+00
3.664813323462690509e+00
3.664308875654918918e+00
3.664081955670102531e+00
3.664040090846215847e+00
3.663721731837676909e+00
3.665741282902095222e+00
3.666151253446434222e+00
3.666964703398646108e+00
3.667323530901279494e+00
3.666829015862053343e+00
3.666963259538822406e+00
3.666918030318864208e+00
3.667006971785540248e+00
3.666783328639017459e+00
3.666292066135180772e+00
3.669913202121326989e+00
3.669995243216189973e+00
3.670857967074301342e+00
3.670495670223778983e+00
3.670446449933734812e+00
3.670353345215223051e+00
3.670476625891429645e+00
3.670427727939278739e+00
3.670678937104267625e+00
3.670398800082636193e+00
3.670008192169774919e+00
3.669874728354080684e+00
3.670636700237067007e+00
3.670163008573596120e+00
3.669732054371925845e+00
3.669812382928112626e+00
3.670358556282002027e+00
3.670268353004717543e+00
3.669924801824294480e+00
3.669793056884269156e+00
3.670041265922205920e+00
3.669909840999591388e+00
3.669694552496086892e+00
3.670235410751625516e+00
3.670689443120556561e+00
3.670766614418611073e+00
3.670843512992148838e+00
3.671251498229930021e+00
3.670789473123180713e+00
3.670327564293040634e+00
3.671065958811181584e+00
3.670770878656576919e+00
3.670311055171839421e+00
3.670346817588393762e+00
3.669929126461214608e+00
3.670212442738779668e+00
3.670740257826012876e+00
3.672037243808656370e+00
3.671907739769832535e+00
3.671731222124050564e+00
3.671602487699141104e+00
3.671190965668688300e+00
3.670739126780605766e+00
3.670327969126666812e+00
3.672255454390182194e+00
3.672127306624258569e+00
3.671759410305210913e+00
3.671671994773105574e+00
3.672183070815207895e+00
3.673472694829195806e+00
3.673423496366724716e+00
3.674536912525205423e+00
3.674252792711695026e+00
3.673812867808353033e+00
3.673880596693206435e+00
3.673490260022198584e+00
3.673363705552161296e+00
3.673198498923880617e+00
3.673266904324649751e+00
3.674340324117170820e+00
3.674329440783119960e+00
3.673749588059801674e+00
3.673354323072658190e+00
3.673229271302470345e+00
3.672911785204237667e+00
3.673709660845841718e+00
3.673699749279036197e+00
3.673460419794016385e+00
3.673259691112686465e+00
3.674012804724958059e+00
3.673622318882941773e+00
3.673878478075450094e+00
3.673830516283395742e+00
3.673669038794976416e+00
3.673469980520053024e+00
3.673838417093199471e+00
3.673976644560419835e+00
3.673928956329649331e+00
3.673693575802354339e+00
3.673383332387294420e+00
3.673186198678941583e+00
3.673139662812044737e+00
3.672868024470781645e+00
3.672971988206790162e+00
3.673075595047035513e+00
3.673402696931054923e+00
3.672983406587837507e+00
3.672713623672831496e+00
3.672332074032395255e+00
3.672771567915837476e+00
3.672502856100493762e+00
3.673014578387854723e+00
3.672672515875373023e+00
3.673145138980459024e+00
3.673350966404249629e+00
3.673158096439725906e+00
3.672818333382527722e+00
3.672515637022891077e+00
3.671843736838002581e+00
3.671763049802021062e+00
3.672417528031921563e+00
