-1.000000000000000000e+00
1.100000000000000000e+01
1.900000000000000000e+01
2.700000000000000000e+01
1.180000000000000071e+01
-1.000000000000000000e+00
3.100000000000000000e+01
3.000000000000000000e+00
2.630000000000000000e+02
-1.000000000000000000e+00
-1.000000000000000000e+00
-1.000000000000000000e+00
-1.000000000000000000e+00
3.000000000000000000e+00
-1.000000000000000000e+00
-1.000000000000000000e+00
-1.000000000000000000e+00
-1.000000000000000000e+00
1.500000000000000000e+01
-1.000000000000000000e+00
-1.000000000000000000e+00
4.820481927710843451e+01
-1.000000000000000000e+00
1.500000000000000000e+01
1.310000000000000000e+02
-1.000000000000000000e+00
-1.000000000000000000e+00
-1.000000000000000000e+00
1.500000000000000000e+01
-1.000000000000000000e+00
1.070000000000000000e+02
1.100000000000000000e+01
-1.000000000000000000e+00
-1.000000000000000000e+00
3.981632653061224403e+01
-1.000000000000000000e+00
-1.000000000000000000e+00
-1.000000000000000000e+00
1.500000000000000000e+01
3.000000000000000000e+00
-1.000000000000000000e+00
3.601265822784809956e+01
3.100000000000000000e+01
3.000000000000000000e+00
2.017647058823529349e+01
-1.000000000000000000e+00
-1.000000000000000000e+00
1.350000000000000000e+02
-1.000000000000000000e+00
1.190000000000000000e+02
-1.000000000000000000e+00
5.900000000000000000e+01
-1.000000000000000000e+00
-1.000000000000000000e+00
-1.000000000000000000e+00
-1.000000000000000000e+00
-1.000000000000000000e+00
1.500000000000000000e+01
-1.000000000000000000e+00
2.350000000000000000e+02
-2.565055762081783763e-01
-1.000000000000000000e+00
3.000000000000000000e+00
-1.000000000000000000e+00
3.000000000000000000e+00
-1.000000000000000000e+00
-1.000000000000000000e+00
1.150000000000000000e+02
1.100000000000000000e+01
1.162658227848101262e+02
7.500000000000000000e+01
-1.000000000000000000e+00
1.470000000000000000e+02
3.000000000000000000e+00
-1.000000000000000000e+00
1.030000000000000000e+02
-1.000000000000000000e+00
-1.000000000000000000e+00
3.000000000000000000e+00
-1.000000000000000000e+00
-1.000000000000000000e+00
-1.000000000000000000e+00
-1.000000000000000000e+00
-1.000000000000000000e+00
4.700000000000000000e+01
-1.000000000000000000e+00
2.300000000000000000e+01
1.100000000000000000e+01
-1.000000000000000000e+00
3.100000000000000000e+01
-1.000000000000000000e+00
5.900000000000000000e+01
-1.000000000000000000e+00
-1.000000000000000000e+00
-1.000000000000000000e+00
-1.000000000000000000e+00
-1.000000000000000000e+00
-1.000000000000000000e+00
1.270000000000000000e+02
1.521235955056179705e+02
-1.000000000000000000e+00
-1.000000000000000000e+00
8.700000000000000000e+01
1.310000000000000000e+02
6.700000000000000000e+01
-1.000000000000000000e+00
1.100000000000000000e+01
-1.000000000000000000e+00
-1.000000000000000000e+00
-1.000000000000000000e+00
-1.000000000000000000e+00
-1.000000000000000000e+00
3.900000000000000000e+01
2.700000000000000000e+01
-1.000000000000000000e+00
-1.000000000000000000e+00
3.000000000000000000e+00
1.900000000000000000e+01
3.100000000000000000e+01
-1.000000000000000000e+00
-1.000000000000000000e+00
-1.000000000000000000e+00
-1.000000000000000000e+00
2.841627906976744384e+02
7.500000000000000000e+01
-1.000000000000000000e+00
-1.000000000000000000e+00
-1.000000000000000000e+00
-1.000000000000000000e+00
2.700000000000000000e+01
6.300000000000000000e+01
-1.000000000000000000e+00
-1.000000000000000000e+00
-1.000000000000000000e+00
7.000000000000000000e+00
-1.000000000000000000e+00
3.100000000000000000e+01
-1.000000000000000000e+00
-1.000000000000000000e+00
-1.000000000000000000e+00
-1.000000000000000000e+00
-1.000000000000000000e+00
-1.000000000000000000e+00
-1.000000000000000000e+00
3.900000000000000000e+01
1.110000000000000000e+02
-1.000000000000000000e+00
6.300000000000000000e+01
3.000000000000000000e+00
3.500000000000000000e+01
1.500000000000000000e+01
-1.000000000000000000e+00
-1.000000000000000000e+00
4.065975103734439955e+01
-1.000000000000000000e+00
-1.000000000000000000e+00
-1.000000000000000000e+00
-1.000000000000000000e+00
-1.000000000000000000e+00
-1.000000000000000000e+00
1.173529411764705799e+01
-1.000000000000000000e+00
7.900000000000000000e+01
-1.000000000000000000e+00
-1.000000000000000000e+00
5.100000000000000000e+01
-1.000000000000000000e+00
2.700000000000000000e+01
2.700000000000000000e+01
2.903225806451612545e-01
1.900000000000000000e+01
1.500000000000000000e+01
-1.000000000000000000e+00
2.700000000000000000e+01
-1.000000000000000000e+00
7.000000000000000000e+00
-1.000000000000000000e+00
1.100000000000000000e+01
9.500000000000000000e+01
-1.000000000000000000e+00
-1.000000000000000000e+00
-1.000000000000000000e+00
-1.000000000000000000e+00
-1.000000000000000000e+00
5.900000000000000000e+01
-1.000000000000000000e+00
-1.000000000000000000e+00
-1.000000000000000000e+00
1.230000000000000000e+02
-1.000000000000000000e+00
3.888888888888889284e+00
9.305564784053154881e+01
-1.000000000000000000e+00
3.500000000000000000e+01
-1.000000000000000000e+00
2.190000000000000000e+02
7.000000000000000000e+00
-1.000000000000000000e+00
-1.000000000000000000e+00
1.900000000000000000e+01
-1.000000000000000000e+00
-1.000000000000000000e+00
1.597087378640776478e+01
4.700000000000000000e+01
-1.000000000000000000e+00
7.000000000000000000e+00
-1.000000000000000000e+00
9.966225165562913446e+01
-1.000000000000000000e+00
1.636986301369863028e+01
-1.000000000000000000e+00
5.100000000000000000e+01
-1.000000000000000000e+00
-1.000000000000000000e+00
7.000000000000000000e+00
-1.000000000000000000e+00
-1.000000000000000000e+00
-1.000000000000000000e+00
1.500000000000000000e+01
1.237194244604316538e+02
1.470000000000000000e+02
-1.000000000000000000e+00
7.679372197309416492e+01
-1.000000000000000000e+00
3.100000000000000000e+01
7.500000000000000000e+01
-1.000000000000000000e+00
1.500000000000000000e+01
5.500000000000000000e+01
-1.000000000000000000e+00
7.000000000000000000e+00
-1.000000000000000000e+00
-1.000000000000000000e+00
-1.000000000000000000e+00
-1.000000000000000000e+00
-1.000000000000000000e+00
5.500000000000000000e+01
-1.000000000000000000e+00
5.900000000000000000e+01
7.000000000000000000e+00
2.300000000000000000e+01
-1.000000000000000000e+00
3.597560975609756184e+01
-1.000000000000000000e+00
-1.000000000000000000e+00
7.000000000000000000e+00
3.100000000000000000e+01
-1.000000000000000000e+00
-1.000000000000000000e+00
-1.000000000000000000e+00
-1.000000000000000000e+00
8.700000000000000000e+01
-1.000000000000000000e+00
-1.000000000000000000e+00
-1.000000000000000000e+00
7.000000000000000000e+00
3.100000000000000000e+01
-1.000000000000000000e+00
-1.000000000000000000e+00
1.430000000000000000e+02
2.300000000000000000e+01
-1.000000000000000000e+00
-1.000000000000000000e+00
2.300000000000000000e+01
1.286597510373443924e+02
-1.000000000000000000e+00
-1.000000000000000000e+00
3.100000000000000000e+01
-1.000000000000000000e+00
-1.000000000000000000e+00
-1.000000000000000000e+00
-1.000000000000000000e+00
5.100000000000000000e+01
-1.000000000000000000e+00
3.575471698113207708e+01
-1.000000000000000000e+00
1.500000000000000000e+01
-1.000000000000000000e+00
-1.000000000000000000e+00
-1.000000000000000000e+00
-1.000000000000000000e+00
-1.000000000000000000e+00
-1.000000000000000000e+00
9.100000000000000000e+01
1.190000000000000000e+02
-1.000000000000000000e+00
-1.000000000000000000e+00
6.809589041095890138e+01
1.270000000000000000e+02
8.025391849529781041e+01
-1.000000000000000000e+00
1.500000000000000000e+01
-1.000000000000000000e+00
-1.000000000000000000e+00
-1.000000000000000000e+00
7.000000000000000000e+00
-1.000000000000000000e+00
1.900000000000000000e+01
-1.000000000000000000e+00
-1.000000000000000000e+00
-1.000000000000000000e+00
3.500000000000000000e+01
2.300000000000000000e+01
1.900000000000000000e+01
-1.000000000000000000e+00
2.000000000000000000e+01
-1.000000000000000000e+00
-1.000000000000000000e+00
-1.000000000000000000e+00
-1.000000000000000000e+00
7.000000000000000000e+00
-1.000000000000000000e+00
-1.000000000000000000e+00
1.100000000000000000e+01
-1.000000000000000000e+00
1.900000000000000000e+01
-1.000000000000000000e+00
-1.000000000000000000e+00
-1.000000000000000000e+00
2.300000000000000000e+01
-1.000000000000000000e+00
1.100000000000000000e+01
1.070000000000000000e+02
-1.000000000000000000e+00
3.000000000000000000e+00
7.252671755725191360e+01
5.900000000000000000e+01
5.500000000000000000e+01
-1.000000000000000000e+00
4.700000000000000000e+01
-1.000000000000000000e+00
-1.000000000000000000e+00
3.000000000000000000e+00
-1.000000000000000000e+00
-1.000000000000000000e+00
-1.000000000000000000e+00
-1.000000000000000000e+00
-1.000000000000000000e+00
-1.000000000000000000e+00
-1.000000000000000000e+00
-1.000000000000000000e+00
1.900000000000000000e+01
-1.000000000000000000e+00
-1.000000000000000000e+00
-1.000000000000000000e+00
-1.000000000000000000e+00
2.013636363636363669e+01
6.058102766798418770e+01
-1.000000000000000000e+00
6.300000000000000000e+01
-1.000000000000000000e+00
-1.000000000000000000e+00
-1.000000000000000000e+00
-1.000000000000000000e+00
1.100000000000000000e+01
-1.000000000000000000e+00
-1.000000000000000000e+00
1.390000000000000000e+02
-1.000000000000000000e+00
-1.000000000000000000e+00
-1.000000000000000000e+00
1.100000000000000000e+01
5.500000000000000000e+01
2.700000000000000000e+01
2.700000000000000000e+01
3.500000000000000000e+01
4.300000000000000000e+01
-1.000000000000000000e+00
4.300000000000000000e+01
-1.000000000000000000e+00
2.300000000000000000e+01
-1.000000000000000000e+00
-1.000000000000000000e+00
-1.000000000000000000e+00
3.000000000000000000e+00
-1.000000000000000000e+00
-1.000000000000000000e+00
-1.000000000000000000e+00
-1.000000000000000000e+00
-1.000000000000000000e+00
2.700000000000000000e+01
3.100000000000000000e+01
3.500000000000000000e+01
-1.000000000000000000e+00
-1.000000000000000000e+00
-1.000000000000000000e+00
-1.000000000000000000e+00
7.500000000000000000e+01
-1.000000000000000000e+00
2.700000000000000000e+01
-1.000000000000000000e+00
-1.000000000000000000e+00
-1.000000000000000000e+00
1.900000000000000000e+01
-1.000000000000000000e+00
3.000000000000000000e+00
-1.000000000000000000e+00
-1.000000000000000000e+00
-1.000000000000000000e+00
3.900000000000000000e+01
-1.000000000000000000e+00
-1.000000000000000000e+00
-1.000000000000000000e+00
-1.000000000000000000e+00
-1.000000000000000000e+00
7.000000000000000000e+00
-1.000000000000000000e+00
1.070000000000000000e+02
1.100000000000000000e+01
2.700000000000000000e+01
-1.000000000000000000e+00
-1.000000000000000000e+00
3.000000000000000000e+00
-1.000000000000000000e+00
3.900000000000000000e+01
-1.000000000000000000e+00
1.900000000000000000e+01
7.221951219512195053e+01
-1.000000000000000000e+00
-1.000000000000000000e+00
-1.000000000000000000e+00
6.700000000000000000e+01
-1.000000000000000000e+00
-1.000000000000000000e+00
3.000000000000000000e+00
-1.000000000000000000e+00
5.625000000000000000e+01
-1.000000000000000000e+00
-1.000000000000000000e+00
-1.000000000000000000e+00
-1.000000000000000000e+00
2.700000000000000000e+01
-1.000000000000000000e+00
-1.000000000000000000e+00
-1.000000000000000000e+00
-1.000000000000000000e+00
-1.000000000000000000e+00
6.300000000000000000e+01
-1.000000000000000000e+00
-1.000000000000000000e+00
-1.000000000000000000e+00
-1.000000000000000000e+00
1.500000000000000000e+01
-1.000000000000000000e+00
-1.000000000000000000e+00
7.900000000000000000e+01
-1.000000000000000000e+00
1.900000000000000000e+01
-1.000000000000000000e+00
-1.000000000000000000e+00
-1.000000000000000000e+00
-1.000000000000000000e+00
-1.000000000000000000e+00
6.300000000000000000e+01
-1.000000000000000000e+00
2.300000000000000000e+01
3.598039215686274161e+01
-1.000000000000000000e+00
1.900000000000000000e+01
-1.000000000000000000e+00
-1.000000000000000000e+00
-1.000000000000000000e+00
-1.304347826086955653e-01
-1.000000000000000000e+00
-1.000000000000000000e+00
-1.000000000000000000e+00
7.000000000000000000e+00
-1.000000000000000000e+00
1.500000000000000000e+01
-1.000000000000000000e+00
4.300000000000000000e+01
-1.000000000000000000e+00
1.900000000000000000e+01
-1.000000000000000000e+00
1.030000000000000000e+02
-1.000000000000000000e+00
1.500000000000000000e+01
1.230000000000000000e+02
-1.000000000000000000e+00
-1.000000000000000000e+00
-1.000000000000000000e+00
4.300000000000000000e+01
9.500000000000000000e+01
1.900000000000000000e+01
3.963091482649842590e+01
7.500000000000000000e+01
-1.000000000000000000e+00
3.000000000000000000e+00
2.270000000000000000e+02
-1.000000000000000000e+00
2.590000000000000000e+02
-1.000000000000000000e+00
-1.000000000000000000e+00
-1.000000000000000000e+00
1.500000000000000000e+01
4.300000000000000000e+01
-1.000000000000000000e+00
-1.000000000000000000e+00
-1.000000000000000000e+00
2.700000000000000000e+01
-1.000000000000000000e+00
-1.000000000000000000e+00
-1.000000000000000000e+00
-1.000000000000000000e+00
7.000000000000000000e+00
-1.000000000000000000e+00
1.590000000000000000e+02
7.500000000000000000e+01
1.500000000000000000e+01
-1.000000000000000000e+00
-1.000000000000000000e+00
1.830000000000000000e+02
2.832890365448504966e+01
-1.000000000000000000e+00
-1.000000000000000000e+00
3.000000000000000000e+00
-1.000000000000000000e+00
-1.000000000000000000e+00
-1.000000000000000000e+00
3.500000000000000000e+01
-1.000000000000000000e+00
-1.000000000000000000e+00
-1.000000000000000000e+00
8.300000000000000000e+01
4.700000000000000000e+01
5.900000000000000000e+01
6.300000000000000000e+01
-1.000000000000000000e+00
3.000000000000000000e+00
-1.000000000000000000e+00
-1.000000000000000000e+00
4.385836909871244416e+01
-1.000000000000000000e+00
-1.000000000000000000e+00
-1.000000000000000000e+00
-1.000000000000000000e+00
-1.000000000000000000e+00
3.500000000000000000e+01
-1.000000000000000000e+00
1.500000000000000000e+01
-1.000000000000000000e+00
-1.000000000000000000e+00
1.527402089754190513e+02
6.300000000000000000e+01
-1.000000000000000000e+00
-1.000000000000000000e+00
4.300000000000000000e+01
-1.000000000000000000e+00
-1.000000000000000000e+00
-1.000000000000000000e+00
-1.000000000000000000e+00
8.300000000000000000e+01
5.500000000000000000e+01
3.000000000000000000e+00
3.500000000000000000e+01
8.300000000000000000e+01
-1.000000000000000000e+00
-1.000000000000000000e+00
-1.000000000000000000e+00
-1.000000000000000000e+00
-1.000000000000000000e+00
-1.000000000000000000e+00
-1.000000000000000000e+00
-1.000000000000000000e+00
-1.000000000000000000e+00
-1.000000000000000000e+00
-1.000000000000000000e+00
1.100000000000000000e+01
-1.000000000000000000e+00
-1.000000000000000000e+00
2.300000000000000000e+01
3.900000000000000000e+01
-1.000000000000000000e+00
-1.000000000000000000e+00
5.900000000000000000e+01
-1.000000000000000000e+00
6.024223602484472195e+01
1.100000000000000000e+01
9.100000000000000000e+01
-1.000000000000000000e+00
-1.000000000000000000e+00
-1.000000000000000000e+00
-1.000000000000000000e+00
-1.000000000000000000e+00
3.000000000000000000e+00
-1.000000000000000000e+00
3.900000000000000000e+01
-1.000000000000000000e+00
-1.000000000000000000e+00
-1.000000000000000000e+00
-1.000000000000000000e+00
1.500000000000000000e+01
-1.000000000000000000e+00
-1.000000000000000000e+00
7.100000000000000000e+01
-1.000000000000000000e+00
-1.000000000000000000e+00
-1.000000000000000000e+00
-1.000000000000000000e+00
-1.000000000000000000e+00
4.700000000000000000e+01
-1.000000000000000000e+00
-1.000000000000000000e+00
-1.000000000000000000e+00
1.830000000000000000e+02
1.500000000000000000e+01
-1.000000000000000000e+00
-1.000000000000000000e+00
-1.000000000000000000e+00
-1.000000000000000000e+00
-1.000000000000000000e+00
-1.000000000000000000e+00
-1.000000000000000000e+00
-1.000000000000000000e+00
1.500000000000000000e+01
1.390000000000000000e+02
-1.000000000000000000e+00
6.778431372549019329e+01
-1.000000000000000000e+00
-1.000000000000000000e+00
-1.000000000000000000e+00
-1.000000000000000000e+00
3.000000000000000000e+00
7.000000000000000000e+00
-1.000000000000000000e+00
-1.000000000000000000e+00
5.100000000000000000e+01
7.000000000000000000e+00
-1.000000000000000000e+00
-1.000000000000000000e+00
-1.000000000000000000e+00
7.166889632107023544e+01
1.500000000000000000e+01
-1.000000000000000000e+00
-1.000000000000000000e+00
4.700000000000000000e+01
-1.000000000000000000e+00
7.000000000000000000e+00
-1.000000000000000000e+00
6.015606936416185135e+01
-3.442622950819671512e-01
-1.000000000000000000e+00
-1.000000000000000000e+00
1.500000000000000000e+01
3.100000000000000000e+01
1.900000000000000000e+01
-1.000000000000000000e+00
1.446597510373443924e+02
-1.000000000000000000e+00
-1.000000000000000000e+00
4.700000000000000000e+01
1.156896551724137936e+02
3.500000000000000000e+01
-1.000000000000000000e+00
-1.000000000000000000e+00
4.300000000000000000e+01
-1.000000000000000000e+00
-1.000000000000000000e+00
5.500000000000000000e+01
7.100000000000000000e+01
2.698412698412697708e-01
-1.000000000000000000e+00
-1.000000000000000000e+00
1.185836909871244593e+01
-1.000000000000000000e+00
1.070000000000000000e+02
-1.000000000000000000e+00
7.590497737556560764e+01
3.000000000000000000e+00
-1.000000000000000000e+00
-1.000000000000000000e+00
9.900000000000000000e+01
5.900000000000000000e+01
3.100000000000000000e+01
-1.000000000000000000e+00
-1.000000000000000000e+00
-1.000000000000000000e+00
3.100000000000000000e+01
-1.000000000000000000e+00
-1.000000000000000000e+00
1.470000000000000000e+02
-1.000000000000000000e+00
3.900000000000000000e+01
4.300000000000000000e+01
-1.000000000000000000e+00
-1.000000000000000000e+00
2.700000000000000000e+01
8.700000000000000000e+01
7.000000000000000000e+00
-1.000000000000000000e+00
-1.000000000000000000e+00
3.230000000000000000e+02
7.900000000000000000e+01
-1.000000000000000000e+00
-1.000000000000000000e+00
-1.000000000000000000e+00
-1.000000000000000000e+00
3.000000000000000000e+00
-1.000000000000000000e+00
-1.000000000000000000e+00
-1.000000000000000000e+00
-1.000000000000000000e+00
1.100000000000000000e+01
3.000000000000000000e+00
1.500000000000000000e+01
-1.000000000000000000e+00
-1.000000000000000000e+00
2.300000000000000000e+01
-1.000000000000000000e+00
6.700000000000000000e+01
-1.000000000000000000e+00
-1.000000000000000000e+00
-1.000000000000000000e+00
-1.000000000000000000e+00
-1.000000000000000000e+00
-1.000000000000000000e+00
1.500000000000000000e+01
1.910000000000000000e+02
-1.000000000000000000e+00
-1.000000000000000000e+00
-1.000000000000000000e+00
2.700000000000000000e+01
-1.000000000000000000e+00
-1.000000000000000000e+00
1.100000000000000000e+01
5.500000000000000000e+01
-1.000000000000000000e+00
-1.000000000000000000e+00
4.700000000000000000e+01
-1.000000000000000000e+00
3.000000000000000000e+00
-1.000000000000000000e+00
1.150000000000000000e+02
1.100000000000000000e+01
4.700000000000000000e+01
7.100000000000000000e+01
-1.000000000000000000e+00
-1.000000000000000000e+00
-1.000000000000000000e+00
1.590000000000000000e+02
-1.000000000000000000e+00
3.500000000000000000e+01
1.900000000000000000e+01
8.700000000000000000e+01
-1.000000000000000000e+00
1.110000000000000000e+02
-1.000000000000000000e+00
3.000000000000000000e+00
-1.000000000000000000e+00
1.318695652173913118e+02
3.500000000000000000e+01
-1.000000000000000000e+00
6.811111111111111427e+01
7.263934426229508290e+01
-1.000000000000000000e+00
7.000000000000000000e+00
1.900000000000000000e+01
-1.000000000000000000e+00
-1.000000000000000000e+00
-1.000000000000000000e+00
-1.000000000000000000e+00
-1.000000000000000000e+00
-1.000000000000000000e+00
-1.000000000000000000e+00
1.710000000000000000e+02
3.000000000000000000e+00
7.000000000000000000e+00
-1.000000000000000000e+00
7.500000000000000000e+01
-1.000000000000000000e+00
-1.000000000000000000e+00
-1.000000000000000000e+00
-1.000000000000000000e+00
-1.000000000000000000e+00
6.700000000000000000e+01
-1.000000000000000000e+00
1.950000000000000000e+02
7.500000000000000000e+01
2.300000000000000000e+01
6.700000000000000000e+01
-1.000000000000000000e+00
2.700000000000000000e+01
1.070000000000000000e+02
1.799195402298850581e+02
3.000000000000000000e+00
-1.000000000000000000e+00
-1.000000000000000000e+00
2.700000000000000000e+01
-1.000000000000000000e+00
-1.000000000000000000e+00
-1.000000000000000000e+00
8.700000000000000000e+01
1.230000000000000000e+02
3.900000000000000000e+01
-1.000000000000000000e+00
-1.000000000000000000e+00
-1.000000000000000000e+00
-1.000000000000000000e+00
-1.000000000000000000e+00
-1.000000000000000000e+00
6.416279069767441001e+01
-1.000000000000000000e+00
2.700000000000000000e+01
-1.000000000000000000e+00
7.100000000000000000e+01
3.000000000000000000e+00
-1.000000000000000000e+00
2.300000000000000000e+01
-1.000000000000000000e+00
7.100000000000000000e+01
-1.000000000000000000e+00
-1.000000000000000000e+00
1.757407407407407618e+02
-1.000000000000000000e+00
9.609890109890110921e+01
-1.000000000000000000e+00
-1.000000000000000000e+00
9.900000000000000000e+01
6.300000000000000000e+01
-1.000000000000000000e+00
-1.000000000000000000e+00
-1.000000000000000000e+00
-1.000000000000000000e+00
3.000000000000000000e+00
7.000000000000000000e+00
-1.000000000000000000e+00
-1.000000000000000000e+00
-1.000000000000000000e+00
-1.000000000000000000e+00
-1.000000000000000000e+00
3.000000000000000000e+00
-1.000000000000000000e+00
6.700000000000000000e+01
-1.000000000000000000e+00
7.699115044247788475e-01
5.500000000000000000e+01
6.700000000000000000e+01
-1.000000000000000000e+00
3.609589041095890138e+01
-1.000000000000000000e+00
5.100000000000000000e+01
-1.000000000000000000e+00
-1.000000000000000000e+00
-1.000000000000000000e+00
2.700000000000000000e+01
5.690374331550802367e+01
-1.000000000000000000e+00
-1.000000000000000000e+00
-1.000000000000000000e+00
3.000000000000000000e+00
5.900000000000000000e+01
4.700000000000000000e+01
-1.000000000000000000e+00
2.300000000000000000e+01
1.270000000000000000e+02
4.818694362017804167e+01
7.635593220338982690e+01
-1.000000000000000000e+00
-1.000000000000000000e+00
7.900000000000000000e+01
-1.000000000000000000e+00
-1.000000000000000000e+00
3.900000000000000000e+01
-1.000000000000000000e+00
-1.000000000000000000e+00
5.100000000000000000e+01
-1.000000000000000000e+00
7.000000000000000000e+00
3.000000000000000000e+00
-1.000000000000000000e+00
9.500000000000000000e+01
-1.000000000000000000e+00
3.500000000000000000e+01
5.500000000000000000e+01
5.100000000000000000e+01
-1.000000000000000000e+00
-1.000000000000000000e+00
-1.000000000000000000e+00
3.000000000000000000e+00
-1.000000000000000000e+00
2.987012987012986898e-01
-1.000000000000000000e+00
-1.000000000000000000e+00
-1.000000000000000000e+00
-1.000000000000000000e+00
-1.000000000000000000e+00
1.216279069767441889e+01
3.900000000000000000e+01
2.700000000000000000e+01
-1.000000000000000000e+00
-1.000000000000000000e+00
-1.000000000000000000e+00
-1.000000000000000000e+00
-1.000000000000000000e+00
-1.000000000000000000e+00
3.500000000000000000e+01
-1.000000000000000000e+00
-1.000000000000000000e+00
-1.000000000000000000e+00
7.900000000000000000e+01
1.100000000000000000e+01
-1.000000000000000000e+00
-1.000000000000000000e+00
-1.000000000000000000e+00
-1.000000000000000000e+00
7.100000000000000000e+01
2.008695652173912904e+01
-1.000000000000000000e+00
-1.000000000000000000e+00
-1.000000000000000000e+00
-1.304347826086955653e-01
1.100000000000000000e+01
-1.000000000000000000e+00
-1.000000000000000000e+00
-1.000000000000000000e+00
1.100000000000000000e+01
1.500000000000000000e+01
-1.000000000000000000e+00
-1.000000000000000000e+00
-1.000000000000000000e+00
-1.304347826086955653e-01
2.721976047904191773e+02
-1.000000000000000000e+00
1.900000000000000000e+01
5.500000000000000000e+01
6.300000000000000000e+01
1.750000000000000000e+02
-1.000000000000000000e+00
4.802040816326530859e+01
3.100000000000000000e+01
1.190000000000000000e+02
-1.000000000000000000e+00
-1.000000000000000000e+00
1.350000000000000000e+02
-1.000000000000000000e+00
1.270000000000000000e+02
2.324705882352941160e+02
-1.000000000000000000e+00
8.108108108108091905e-02
3.000000000000000000e+00
1.900000000000000000e+01
-1.000000000000000000e+00
1.310000000000000000e+02
-1.000000000000000000e+00
-1.000000000000000000e+00
1.500000000000000000e+01
4.027795527156549582e+01
7.000000000000000000e+00
-1.000000000000000000e+00
4.300000000000000000e+01
8.700000000000000000e+01
-1.000000000000000000e+00
1.790000000000000000e+02
3.900000000000000000e+01
-1.000000000000000000e+00
-1.000000000000000000e+00
-1.000000000000000000e+00
3.100000000000000000e+01
-1.000000000000000000e+00
-1.000000000000000000e+00
1.070000000000000000e+02
-1.000000000000000000e+00
3.900000000000000000e+01
5.900000000000000000e+01
-1.000000000000000000e+00
2.310000000000000000e+02
-1.000000000000000000e+00
-1.000000000000000000e+00
7.900000000000000000e+01
-1.000000000000000000e+00
1.500000000000000000e+01
1.900000000000000000e+01
-1.000000000000000000e+00
2.300000000000000000e+01
-1.000000000000000000e+00
-1.000000000000000000e+00
-1.000000000000000000e+00
3.000000000000000000e+00
-1.000000000000000000e+00
-1.000000000000000000e+00
-1.000000000000000000e+00
1.230000000000000000e+02
-1.000000000000000000e+00
-1.000000000000000000e+00
-1.000000000000000000e+00
3.100000000000000000e+01
-1.000000000000000000e+00
1.590000000000000000e+02
1.900000000000000000e+01
3.100000000000000000e+01
-1.000000000000000000e+00
3.000000000000000000e+00
-1.000000000000000000e+00
3.500000000000000000e+01
4.445985401459854103e+01
6.700000000000000000e+01
-1.000000000000000000e+00
6.300000000000000000e+01
5.263157894736836262e-02
-1.000000000000000000e+00
