1.077885409663484324e+03
1.045768340531199328e+03
1.558595382223301613e+03
7.499657921958024644e+02
1.168528976713662928e+02
1.906355450517050087e+02
9.300756413964277272e+02
2.455729984277769518e+02
1.223956814088361966e+02
5.405607351514868242e+02
1.550396564001220895e+03
1.338917335090011420e+03
1.437205086215660913e+03
1.054664223945489539e+03
1.229590234714913549e+03
1.679881384062006646e+03
1.453392340468794146e+03
2.004800742884645160e+03
1.842464666471974397e+03
1.677318376674833871e+03
1.406147134085226298e+03
2.494684245472372368e+03
5.126207686344417880e+02
1.513421060039303256e+03
2.596699308202533757e+03
1.639671018034218378e+03
1.309446587605339118e+03
1.618928668040925231e+03
1.573415395994491291e+03
1.434864966728757508e+03
1.469204600321006637e+03
1.546539694628828329e+03
1.046971685156551302e+03
1.701955504352015168e+03
5.589711967140873412e+02
1.518237436439275143e+03
1.579746362386416422e+03
1.464493018825127592e+03
1.458122945731262007e+03
1.923540259710874523e+02
1.815510760361596795e+03
2.294616827287282376e+03
1.655487954854058444e+03
1.645555089959532324e+03
1.320526987856785126e+03
1.947402380798879449e+03
1.111567446859160782e+03
1.361889863887117372e+03
1.331978965980956218e+03
1.825923733057721620e+03
1.210105203372395408e+03
1.353374096172722602e+03
1.845777376597230159e+03
1.792842829814577499e+03
1.584833251476550686e+03
1.737991477048268962e+03
4.035427790274142694e+02
1.194678432679077105e+03
1.238847104233628215e+03
1.930050607495385748e+03
1.689624638817091409e+03
6.180648049762241953e+02
1.608186472802880871e+03
1.376888844132335407e+03
1.321352091088943325e+03
1.202515321442361937e+03
1.463197814103967858e+03
1.490121212761759807e+03
1.519587666045827746e+03
1.862914538366184843e+03
1.558003477745528016e+03
1.704201520176199892e+03
2.010734039088752752e+03
1.317690134564488517e+03
6.124507038624115012e+02
1.437106344223217775e+03
1.638231707372118080e+03
1.975117159253664113e+03
1.693619018937422879e+03
2.368124314096911803e+03
2.069992175271987435e+03
1.458977721616529834e+03
1.226377051129965821e+03
1.862800300933534800e+03
2.493375708942343863e+03
1.287783336538408321e+03
1.617751909948359526e+03
3.911330433193609224e+02
1.485682635630228788e+03
1.072906858036770473e+03
1.411056830880098687e+03
1.061470651411005747e+03
2.003475003494728526e+03
1.332896306985164756e+03
1.549664908386187108e+03
1.281103578019415409e+03
2.234460067363347662e+03
2.507921583036320044e+03
2.345436670479385157e+03
1.965498652558426102e+03
1.396450699216632756e+03
1.411116406009425418e+03
1.606680207963117709e+03
2.711453095491373006e+03
7.925685936959756646e+02
1.442803822877502853e+03
2.446008276541438136e+03
1.687272624114108794e+03
2.294223751405260373e+03
1.725143089366209779e+03
1.000797094581151327e+03
1.551710388327694318e+03
2.022247114590067895e+03
1.316483413790896748e+03
2.285077205473880895e+03
2.591857176931804588e+03
2.660307218002384161e+03
2.308383691122397522e+03
1.357573349424994376e+03
1.335262378344943045e+03
1.258194288461643055e+03
2.284050161086386197e+03
1.773349558911309032e+03
1.842958044659190818e+03
1.706049514653263941e+03
2.064200561377239865e+03
2.321289755336507824e+03
1.720235725564592258e+03
1.613488420283680625e+03
1.188997022805924644e+03
2.441385856274830530e+03
1.756925127985933386e+03
2.449962539987822765e+03
2.002334185816515856e+03
1.720559764584251297e+03
1.864889222368576384e+03
1.404412980047918609e+03
1.619431768093631945e+03
1.809922689924344013e+03
1.745729097727741191e+03
1.460084925351835636e+03
1.864700340902423250e+03
1.575837407452678690e+03
2.206041428316463680e+03
1.412839608602346061e+03
2.228299047687459733e+03
1.585408848708133291e+03
1.433400690349138813e+03
1.757747077039569376e+03
2.321425479679580349e+03
1.966166799177121447e+03
1.614982934916683689e+03
1.486816808010306431e+03
1.646397783195444390e+03
1.508362029731845496e+03
2.050949682297944037e+03
1.584023341572163872e+03
1.889716392551528998e+03
2.246623960478082154e+03
2.780472776321087167e+03
2.459745703738490647e+03
1.986759108648123402e+03
1.845837117107972063e+03
1.842270695934657851e+03
1.671672844275090483e+03
2.013666784519885596e+03
2.030950380815626431e+03
1.466914941865651599e+03
1.901990757836553712e+03
1.775219843880195867e+03
1.836318080756885365e+03
2.704806269512035669e+03
1.960306669035092909e+03
1.763779686927851344e+03
1.641912044486034802e+03
1.853693502167395536e+03
2.510649633842361254e+03
1.880363696398234651e+03
1.282553163939194974e+03
2.634289167940101834e+03
1.260808915745350077e+03
