8.012516019683702950e+01
9.547707248452161366e+01
1.160901399718231772e+02
1.743287777927801869e+02
-5.090005283802619829e+01
7.467376498477329960e+01
-1.552381369117750864e+02
-8.449296032144982860e+01
2.583551258653219520e+02
2.036733487737242854e+01
-7.651312138800520302e+01
6.356717165662661273e+01
4.674540170801867589e+02
1.958648300875462382e+02
8.872231466937802224e+01
-8.340189912394620819e+01
-6.510880922900079781e+01
-3.673117106566769507e+01
-1.246447227796574850e+02
-1.233692701899881001e+02
-5.814665871269090758e+01
-1.212350774882473559e+02
-8.616561997288272323e+01
-1.073381414408372336e+02
-3.675642755278272489e+01
-6.277305031950820080e+01
2.517154687897578924e+02
3.025199179123652584e+02
2.504392781790066920e+02
2.194021591425541260e+02
4.802837237978926055e+01
1.390100581634117134e+02
1.261139893629658673e+02
1.107274608211447315e+02
4.570753030517321349e+02
2.694314156420644508e+02
2.510238270404067862e+01
1.376620426676813054e+02
4.506340900875679836e+02
1.599238057130934294e+02
1.964869546404899552e+02
5.627133210637975935e+02
6.123117884035602856e+02
8.930930805403595514e+02
7.158221582437390680e+02
1.298351505916454016e+03
1.092826858854808961e+03
3.658946655759929172e+02
3.492411029739593573e+02
1.484088516583096407e+03
1.342736946052156327e+03
2.180971123487553029e+02
3.690391710105720904e+02
1.130306263936585310e+03
7.550113589607591393e+02
1.055236293259918057e+03
7.808680357920426331e+02
3.554774203035374853e+02
1.905926237756734963e+03
5.812302552878303459e+02
3.682671746152016112e+02
3.727439691247223550e+02
3.525724844030132772e+02
2.345049539636640077e+02
1.100040625923927564e+03
2.884087113663804303e+02
5.575144417075624688e+02
2.275149481091212067e+02
2.500734635679317250e+02
8.448705446181938896e+02
4.842229380292747010e+02
4.026251291977454798e+02
2.171990591015787402e+02
5.364698677734182866e+02
1.122209305449346857e+03
8.722842031009669199e+02
1.454025322264431281e+02
4.414938564485215124e+02
1.020816968968023161e+03
1.749970287505019542e+03
1.420073075772972516e+03
4.947039139877369394e+02
1.185188374673068893e+03
2.465391109999859509e+02
2.359792542863999074e+02
1.203212045568474878e+03
4.547587143941288446e+02
5.224597441012771242e+02
4.170261798244418969e+02
1.148722312476274510e+03
1.344917741954669737e+03
1.881545332829456285e+01
4.101649904814442493e+02
1.498962073661577051e+03
1.413100955250367861e+02
4.829587581875316573e+02
1.348460596378193259e+03
1.383459116357527819e+03
1.192681904806227067e+03
9.424565991906422369e+02
1.312250741778809015e+03
1.189032071593124556e+03
1.294882283094154673e+03
1.018860933863917126e+03
1.153588144762263028e+03
1.325028193233653155e+02
1.211706259020235393e+03
1.007725523560995498e+03
9.660812911409702792e+02
1.133430571417059582e+03
1.702587795662052940e+03
1.586451962572319189e+03
2.027397342071044932e+03
1.372517162453691299e+03
1.167835749105442346e+03
1.292993941247796101e+03
6.341353266165756395e+02
1.908052274681993055e+01
1.168024539976751839e+03
1.246537885267066713e+03
8.734093605177047266e+02
2.088314624849146639e+03
1.435563139564125549e+03
1.295573957056114295e+03
1.199217449938930713e+03
1.305597491547006257e+03
1.239632328038570449e+03
1.180857122998109389e+03
1.142759708279850656e+03
1.054892828282250321e+03
1.232664939101384334e+03
1.376837780204107048e+03
1.248556001616563208e+03
1.235830413224987751e+03
1.060874526807959683e+03
1.340065997070199728e+03
1.615801276191417401e+03
2.351545426124544520e+03
1.730211296940338116e+03
9.512276009462889306e+02
1.378060062742614718e+03
1.335907048388187377e+03
1.556831919136007400e+03
1.662803439427465946e+03
2.455451149758626343e+03
2.094487565171584720e+03
2.653715557255320164e+03
2.289277814429372484e+03
2.073149489638547493e+03
2.410348214904725410e+03
1.668804644009675485e+03
1.921703272721905250e+03
1.283385720441268177e+03
1.704532374939248257e+03
1.672201016191992039e+03
1.702618141467910164e+03
2.316703798122620810e+03
1.640214168696644492e+03
1.514820735223463998e+03
1.637226719214148716e+03
1.602716192631121885e+03
1.650484241104101329e+03
9.956657321696438885e+02
2.176116045950442640e+03
2.386114893359818325e+03
1.491670529606329865e+03
1.569145921036598565e+03
2.143358980743811117e+03
1.748323210703318864e+01
2.320254502081468672e+03
1.164292600550277257e+03
1.451772180566387988e+03
2.145839289518275564e+03
1.993791600320268117e+03
1.808286791717430560e+03
1.612670474841186888e+03
1.217685136719952880e+03
2.332308537103944673e+03
1.456693799466707105e+03
2.332050045809703079e+03
2.211194504823309217e+03
3.247300222617221834e+02
1.891758379933756714e+03
1.173230972421120896e+03
1.225737619084289690e+03
2.530166134884181247e+03
1.669786293831058629e+03
1.035751481603905404e+02
1.521719291522739468e+03
2.135291340839221448e+03
1.159253048562878348e+03
1.767904048362525600e+03
2.395507042967382404e+03
1.628124225465005566e+03
1.554530484978097547e+03
2.312843354473997806e+03
1.839473966995834871e+03
1.277806021361865987e+03
1.904574902260530052e+03
1.307812139957357658e+03
1.540445083740624113e+03
1.622004862556598482e+03
1.804322308032641104e+03
1.853748609949574984e+03
1.783572656824631395e+03
1.326606656889150372e+03
1.690439032072575401e+03
2.084060104459359991e+03
2.140320599477372070e+03
2.393626771392873707e+03
1.791718062013278995e+03
2.148822874698215401e+03
2.382587091658377631e+03
1.300379131067214075e+03
1.436079626236764170e+03
2.214889218375021755e+03
1.088699205560393466e+03
1.546864902781450610e+03
1.594052978778513989e+03
1.450120806762864049e+03
1.652656649527431000e+03
1.801924173257932580e+03
1.685605027555283641e+03
1.564812661665753467e+03
1.693274127622934657e+03
1.996152606773632215e+03
2.236963138843263550e+03
2.145532311892272901e+03
2.105790834659955181e+03
1.816224987947555519e+03
2.142404822176632024e+03
1.411919208466812279e+03
1.385349763038807851e+03
1.179929765878010585e+03
1.633544653780301815e+03
1.347445995720433302e+03
1.847413778515509421e+03
1.362411826530719054e+03
1.525932935657018561e+03
2.699128632623319390e+03
1.973236827125147101e+03
1.692398894234209365e+03
2.361212273068467312e+03
1.604842040377549210e+03
2.601433178820994726e+03
1.903104548099326166e+03
1.994715184049553955e+03
1.703648411634706918e+03
2.609651103231503839e+03
1.555672602640336891e+03
1.533905552260722970e+03
1.777409187341208963e+03
1.493429206721928949e+03
1.213766693394083177e+03
2.496014326346776215e+03
1.536696153614685727e+03
2.248984835608469893e+03
1.399213765794050687e+03
2.624195788225985325e+03
1.571684756241605555e+03
1.254607133362118475e+03
1.860736753246384524e+03
1.756441658257925155e+03
1.451044271070328477e+03
2.196973022144049082e+03
1.392396984389349427e+03
2.479495840140059499e+03
1.496594522803996369e+03
2.282844929836243864e+03
1.417965463329129534e+03
1.586388170293088706e+03
1.726500381542515242e+03
1.527935982561604305e+03
2.750466342870083281e+03
1.691832126566397847e+03
1.425686633010469450e+03
1.887990561374826029e+03
2.300477212272209727e+03
2.768296797287341633e+03
2.525964943656587820e+03
1.886259017914756441e+03
1.509069296439627124e+03
1.861870695025535042e+03
1.228500973041262569e+03
1.716597538283888298e+03
1.412753299143379991e+03
4.326947637535738522e+00
2.315393130195415779e+03
1.530347982876265860e+03
1.372003095250703382e+03
2.430817001461409291e+03
1.265265307212873040e+03
2.349881933025188573e+03
1.899403151460011031e+03
1.447765634690745628e+03
2.433441929842023910e+03
2.503492374081406069e+03
1.554940457675544849e+03
2.565061810094333850e+03
2.147209000573201138e+03
1.361096076761952872e+03
1.078562255353995170e+03
1.484907450546523023e+03
2.013312543579547309e+03
9.901375471473770631e+02
2.907226228547745905e+03
1.336426422098485318e+03
2.659105533258684318e+03
2.483725876505150609e+03
2.004788372629630430e+03
1.667766372071786918e+03
2.168668643236397656e+03
1.710741719606373863e+03
1.987847677675204523e+03
1.016618946200166192e+03
1.611528751084423675e+03
1.851020361833653169e+03
1.132358205463041486e+03
2.229889718030570748e+03
2.513480675699412586e+03
1.219502186423473404e+03
2.409171358123182017e+03
1.650500306284641283e+03
2.363970202470992717e+03
2.384048951724109884e+03
2.585993942908975896e+03
2.908898107239180263e+03
1.906391277203418667e+03
1.293659597048013211e+03
2.044796068258650848e+03
1.678536843343900046e+03
1.875210191534122259e+03
1.957636959610469603e+03
1.602015823030445745e+03
2.620897164226515997e+03
2.528918672668489307e+03
2.211297146259199508e+03
2.011002766466442608e+03
2.267017220003539933e+03
2.343147209077448224e+03
1.590799980349179350e+03
5.893592699757849687e+02
1.849113774450341680e+03
1.652863077121844981e+03
2.348844960733534208e+03
1.960927448333101893e+03
2.950683321862908087e+03
1.850403400190371940e+03
1.649263409999750365e+03
1.555282378509397631e+03
7.508454050316744315e+02
2.266160041326973442e+03
1.792588122918228919e+03
1.891399942806429863e+03
1.603351255559858828e+03
1.503422282262277804e+03
2.469845295762752812e+03
1.413490421651301176e+03
1.675779669384550289e+03
2.426919337636804812e+03
2.290124153275691242e+03
1.316825229687380215e+03
1.750429083091179336e+03
1.191191057609427389e+03
2.330428061550567236e+03
2.068329255321576056e+03
1.740333572049606801e+03
1.512817456784712249e+03
2.649044075049556795e+03
1.800623690585918439e+03
2.673662988861521626e+03
2.445396090210707371e+03
1.398914643649286518e+03
2.685318210901522889e+03
2.584461066565889723e+03
1.238694468903469669e+03
2.591674979372975940e+03
1.608630283209345862e+03
1.741388053981994744e+03
1.690672475546308306e+03
2.690561181656670669e+03
1.732495495672813604e+03
1.226718145350961322e+02
2.035920384071647277e+03
1.407620277097722465e+03
2.130800772246489032e+02
2.130007579263950447e+03
2.087836857608164792e+03
2.117464048282688054e+03
1.659974522871302952e+03
1.471014268514158630e+03
2.216522440165455009e+03
2.020901468114835097e+03
1.871375654630702229e+03
1.964561243896927863e+03
2.203007359621463365e+03
2.527603072344581051e+03
1.409123152208481088e+03
1.678422806368060265e+03
2.578914541649364310e+03
1.318801280651498701e+03
1.241030308314097283e+03
2.661854940058006832e+03
2.563005408911385985e+03
1.405971177867378856e+03
1.284354253556532967e+03
2.240457490214571862e+03
2.665860550772692932e+03
1.434945867499811129e+03
1.622951315692222806e+03
1.642908428165198529e+03
2.308524862931993084e+03
2.007594563860343897e+03
2.057713847114121108e+03
1.369327822425413615e+03
1.706338188503494848e+03
1.236385113329381738e+03
2.458565546537644423e+03
9.639204781388584706e+02
2.637725947830905170e+03
1.472033017704177837e+03
1.483913507482815476e+03
1.554718820225918080e+03
1.892842710299337796e+03
1.416041102448888523e+03
2.791416883694269018e+03
2.560132945728659251e+03
1.581182195266830377e+03
1.639260911617685906e+03
1.242707407032673018e+03
2.771450506601398956e+03
2.162712980144535322e+03
1.581465210905817685e+03
2.264348062142323670e+03
4.606965043737798737e+01
3.017669805347554302e+03
1.309884884514214946e+03
1.673175497235953117e+03
1.373378770093947878e+03
5.185274900079147073e+02
2.487062644139149143e+03
2.735720898337402105e+03
1.695445244612147690e+03
2.807425942077436048e+03
1.474183711544893640e+03
4.190890591115638131e+01
8.931972859373342999e+02
2.240607217605973347e+03
1.763022497368772520e+03
2.010762750164626596e+03
1.455785409531518326e+03
1.616466562430906151e+03
1.363364856680122102e+03
3.000104102889640671e+03
1.680568600726566501e+03
1.478831990666591082e+03
1.231327412477511643e+03
1.756622552411030938e+03
8.586681602432654472e+02
1.642774097741959167e+03
2.662842483222742885e+03
2.039858206873427207e+03
1.798582164608487119e+03
2.530369892050607177e+03
2.551435152986814956e+03
1.799336182924839022e+03
2.326240145990008841e+03
1.416839541008528840e+03
1.949322322247452121e+03
3.134684509985188470e+03
2.060834609857537998e+03
1.872954314623257687e+03
2.084380958926806670e+03
3.633438551498232982e+01
1.364688460338370987e+03
1.603826705581603164e+03
2.563896488638422397e+03
1.762435081153010287e+03
2.084588634535752590e+03
1.777854157441004418e+03
1.599966401735832733e+03
2.673329397585172956e+03
2.006976571962187791e+03
1.830149758649124578e+03
1.340076510319671797e+03
1.499618320562153485e+03
1.435215794802933033e+03
2.818030342946052969e+01
2.000545414330601488e+03
1.173360316844121144e+03
1.811119778155001768e+03
1.569039567720683635e+03
1.880324795072207962e+03
1.610637343687550811e+03
1.904698841649947553e+03
1.967816697447334718e+03
1.520796863768786352e+03
2.006177569104218037e+03
1.394703567140298901e+03
6.122057238608255147e+01
1.649179404779595870e+03
1.668890822833118364e+03
1.285434976988754670e+03
2.376638085578450045e+03
1.365315518823938419e+03
2.569529170958096074e+03
1.897191359181645112e+03
1.388601402565732315e+03
2.966161282907699842e+03
2.209250308797958041e+03
1.402505077311056539e+03
2.435881729271096901e+03
1.712115721875491090e+03
1.869356162288816904e+03
1.542357740843178817e+03
1.846939148361658454e+03
1.571018766196939850e+03
1.670350272155216089e+03
1.904974815681528526e+03
1.793261795629126027e+03
2.263110773423898991e+03
1.305707893568698182e+03
1.610686493600292806e+03
2.464958481083936022e+03
1.654907894030352281e+03
1.723226661864309790e+03
1.433928741364007010e+03
1.373223546689453997e+03
2.459176674864409051e+03
2.000457630828709171e+03
2.725251974040284495e+03
2.889737131383956239e+03
2.247335329585982890e+03
1.669502124535105850e+03
1.584156294173857304e+03
1.169215094870043458e+03
2.081806513329178415e+03
1.792450804467283888e+03
1.681584679750120813e+03
1.552853922141520570e+03
1.449968036281692321e+03
2.377286884570866277e+03
1.817802537710550268e+03
1.700636631602209036e+03
1.256582106013375324e+03
2.143436336003746419e+03
2.583393339985726016e+03
1.600028999049156937e+03
1.426695065666377218e+02
2.976759975274340832e+03
1.668241226530947642e+03
2.132150461665895818e+03
2.316509378390890106e+03
1.546506584476885564e+03
1.917254018512230232e+03
2.083952183326679460e+03
1.896832796387743656e+03
2.333867838577838484e+03
1.763045184183162746e+03
1.838251721925972106e+03
1.880337821040287054e+03
1.682754401757322057e+03
1.520708719641632115e+03
2.395991872485979002e+03
2.274822741075131489e+03
1.846189376277975498e+03
2.836708826254833184e+03
1.708489759372704384e+03
2.412738687219346502e+03
1.555464425914355843e+03
1.697866601284237504e+03
1.815994447475242396e+03
2.476333042829610349e+03
3.061983318323409549e+03
1.347579967634146897e+03
1.679111574942106699e+03
2.314544726038183853e+03
2.659763040222869222e+03
1.896795276122216364e+03
2.484669722879139954e+03
1.990238255399276568e+03
2.281537876494407101e+03
2.168216082325877778e+03
2.373384261680077543e+03
1.716985209158973248e+03
1.518855728640514371e+03
2.452068355898554728e+03
2.486033605502488172e+03
1.783070663838179144e+03
1.908780001051269210e+03
3.096302755650143354e+03
1.969069432792693533e+03
1.476673381459820575e+03
1.809060875172152009e+03
2.162022692849655868e+03
1.436845208841860540e+03
1.712558478861894628e+03
2.425275943777419798e+03
1.859477874642461757e+03
1.517814338302984879e+03
2.811015028077680199e+03
2.627342432846341126e+03
1.123500449580448048e+03
2.114755943660923549e+03
1.558764794688796201e+03
1.297997200228805468e+03
1.307342137155166256e+03
2.513219195002063316e+03
1.396655595424789681e+03
1.290543627283346495e+03
2.402874196294040757e+03
7.633546969415018566e+02
2.631040486354705990e+03
2.477208052292363845e+03
2.869904902466990734e+03
2.854011974068706422e+03
2.175219225085676953e+03
2.234271278844317294e+03
2.442192545766315106e+03
2.644322689913834438e+03
2.300043390989183081e+03
2.683150126934554464e+03
1.389199449475005849e+03
2.959002557224483553e+03
2.411740342837831122e+03
2.395801068741465770e+03
2.749068707609200374e+03
2.010022575480915748e+03
3.056802827395092663e+03
1.667697255130024814e+03
3.621217465940987495e+03
2.528990273623141093e+03
2.453226733649368271e+03
2.409972238433675102e+03
1.415701883452804623e+03
1.581539772418063876e+03
2.465289734478382343e+03
1.766508089306704278e+03
-8.396153219221568520e+01
1.348743749011577620e+03
1.846812328941830401e+03
2.630499705836685735e+03
2.343144515747493188e+03
2.481437878527450721e+03
2.887356798875449385e+03
2.681519826902499062e+03
2.573857718656553516e+03
2.276695052170629424e+03
2.669695014711820022e+03
2.928115774534065167e+03
1.697811822994722434e+03
1.549279868521812887e+03
2.246186960199851910e+03
2.436960410671930731e+03
1.257381293502327935e+03
1.967750976419496510e+03
1.084097259706798923e+03
2.385719338883842283e+03
1.635521495164441603e+03
2.535109199745707883e+03
2.305998503101074220e+03
2.898519164352173448e+03
1.406446183255051437e+03
1.614212945277372683e+03
2.477003408524281440e+03
2.351527920285215714e+03
1.540687553212352441e+03
2.969216119041298498e+03
2.333955283473792406e+03
2.354500615513444245e+03
2.252987077940878407e+03
2.696837167519009199e+03
2.077009522870446744e+03
2.309448325613398538e+03
1.989852389638529075e+03
2.631925473891446927e+03
1.389071835780265474e+02
2.143839684646658952e+03
2.870224344800822109e+03
1.879008222700801980e+03
2.740403395979928064e+03
2.522237088261345889e+03
2.499632040641007279e+03
2.346351678219598398e+03
3.269336312414878648e+03
1.555553051460481129e+03
2.989888787308626888e+03
2.266435278660021140e+03
2.810915980905194829e+03
1.530351204178548642e+03
1.793770455670662159e+03
2.095075539207181919e+03
2.328881552535125138e+03
3.017709866603986939e+03
1.260831860499956520e+03
1.652565335810855686e+03
1.528416936626068946e+03
1.338354790040838679e+03
1.378294042218638424e+03
2.568959274792747237e+03
2.711143110581544988e+03
2.439124833790251614e+03
1.556438694151670916e+03
1.519889510584346453e+03
2.718977987258140274e+03
2.222948907976126975e+03
2.579097637368419782e+03
2.414608281184165662e+03
2.449562686953134289e+03
2.722215313780393444e+03
2.810505274798157188e+03
2.131890541332808880e+03
2.173477412366218687e+03
1.241761644098398165e+03
2.556105560517638423e+03
2.998973089333664575e+03
1.658146028229251215e+03
3.028559445828188927e+03
2.380076954828473390e+03
2.452981877366053141e+03
1.740399569987442419e+03
2.028112543938701492e+03
2.838352749983600461e+03
2.535100313895689851e+03
2.248906531108483705e+03
2.079977922931921512e+03
2.083787979085376719e+03
2.289970300871851123e+03
1.526086343295039114e+03
2.921477129601747492e+03
2.560293347009268928e+03
1.824006930675368494e+03
2.485817265740074163e+03
2.706535104694926758e+03
1.968159011896255379e+03
2.375844096581145095e+03
2.898273521854405772e+03
2.399382646588661828e+03
3.237658425727090162e+03
2.686062385199914843e+03
2.266713370804044644e+03
2.657984523712404098e+03
2.338298349774728194e+03
2.689275791096445573e+03
2.743955026101999010e+03
1.512450442484755285e+03
1.716430726824394696e+03
2.671290463412871759e+03
2.673635445788414927e+03
2.638387736012470668e+03
1.758218477537920990e+03
1.214857729562975805e+02
2.150903955244531971e+03
2.816817096832922289e+03
2.931176875732563076e+03
2.774387783212645900e+03
2.875489040400276735e+03
3.002599775763828802e+03
2.043943455607978649e+03
2.173823302597993461e+03
1.547264681401414236e+03
1.624474537858654458e+03
2.203290768456687147e+03
2.260472004027224557e+03
3.710316530337026506e+03
1.330647091594908261e+03
1.544741060600409810e+03
3.021692952993052131e+03
