-1.242063707311812593e+01
-4.776741679179525857e-01
-7.096595243366379258e+00
-1.659647124313591959e+00
-2.195360491374420686e+00
2.096382818110970270e+00
5.645771683244221073e+00
-1.182060892070328162e+00
4.775795033495644937e+00
2.645159569671358124e+00
3.847566265379763095e+00
5.546450342743220574e+00
5.317698808508190211e+00
-2.200723065753322771e+00
9.542020753051639659e+00
1.002138600976248406e-01
-4.890809222650418508e-01
4.147269950496169422e+00
-4.882703682888577257e-01
8.783944977078586902e+00
4.506734571453618443e+00
-2.257983209675396452e+00
-2.026561263692966186e+00
3.427170193045974855e+01
1.700194727568592024e+00
-1.187146977312450780e+00
9.560212687582337665e+00
-3.324384980839213410e-01
4.165806066917082440e+00
7.362013124046966617e+00
6.010006038726669608e+00
1.983627075579601495e+00
-6.139040890850548493e+00
3.484528269632449216e-01
1.165024174203830087e+00
1.910100443676153859e+01
-2.913609684617100903e+00
3.491368568469198852e+00
3.942439301421796771e-01
3.814669038784918698e+00
2.096813792842267077e+01
-4.673387038097372326e+00
-9.916153417450157548e-02
-4.782484230702566563e+00
-2.806837712928253570e+00
4.546999488235162090e+00
-1.815638857235316372e+00
-4.003338668486010832e+00
-1.431737948020995743e+00
-7.464634389704983164e+00
-7.870136956011144491e-01
-3.022165062062339480e+00
3.178192718776480685e+00
2.173463013516554021e+00
1.490944068232547437e+00
3.860622400466066750e+00
-1.394745160690891161e-02
5.340962844054182312e-01
-4.260805794269752589e+00
2.106535176881057225e+01
1.940316439593251729e+00
3.876820988146413072e+00
-4.675865467925731878e+00
-5.364851119129134815e-01
9.259815387922026630e+00
1.542800588570313325e+00
3.899879843597303442e+00
3.722597603956085965e+00
1.388750163567577189e+00
-3.792358130390272031e+00
-2.965460031574217670e+00
9.559701416330048218e+00
-3.204851406169840988e+00
-1.499374615593073168e+00
2.248271202704656524e+00
-2.198353616556677714e+00
-3.657992700242932216e+00
6.424003847249889487e-01
-8.681332497775029466e+00
-6.118230025252206161e+00
1.454713648455420483e+01
4.676642765979036609e-01
9.755015066441258265e-02
-7.570702524867162220e-01
1.889873898535820551e+00
2.950095540115493797e+00
2.296120847449660385e+00
5.211482898328105406e+00
9.664366549767434478e+00
-1.275726480093320792e+00
-2.350147104729050085e-02
1.507830602248788399e+00
-4.950944642281823072e+00
-1.886422402935144849e+00
1.349352676748243951e+01
-5.791771303707830221e+00
-1.343588751077265941e+00
6.154157072581323717e+00
-5.445484909145327457e+00
9.702302372960540655e-01
8.174629898674434791e-01
-3.208730747138809569e+00
2.999020356629956030e+00
2.935062958504639052e+00
7.082846515969056789e+00
1.409733280448019066e+01
7.321854316288499476e+00
1.788294527444058701e-01
-2.739684625729149614e-02
4.239168219620611744e+00
-3.486556883945693297e+00
4.080147145357253535e+00
-3.435908750516252663e+00
-6.474021449615066537e+00
1.083782352555000106e+00
6.239510178486962211e+00
-3.245528562057367616e-02
-1.291688691902938668e+00
1.382246609414690575e+00
2.998807379763817949e+00
-5.358136420581999460e+00
6.163650866815500784e+00
3.485230137061686051e+00
1.545171764829735173e+00
5.256439500131228293e+00
2.096549678249784066e+01
2.007786370916305785e+01
2.231143974166736044e+00
-1.018208660584840608e+00
7.452703213853928865e+00
-1.062428158821294932e+00
-2.273945880869765901e+00
8.000524805723383537e+00
1.017742033886590214e+01
-1.146302167826333207e+00
-1.114695682282863531e+00
4.161048375292711654e+00
-5.566152001388873227e-01
-4.760877310573258470e+00
3.981411737715622845e+00
-4.903859128519061805e+00
5.663752598261995175e+00
3.901678473228619382e+00
-2.616133953380620270e+00
1.502418262703218321e+00
-7.050505791792256005e+00
-9.253769317290710950e-02
-2.831812120337758643e+00
-2.630450371069799065e-01
2.523847442744515668e+00
7.161797297035184862e+00
3.578952076604350552e+00
-4.895618787462516330e+00
5.102603207852154377e+00
6.079724054177859216e+00
-3.107836371351077265e+00
1.548028911629008852e-01
1.155052808697735633e+00
-1.749129384097999118e+00
-2.008516568347402220e+00
-1.754891231314198885e+00
6.744113788938959075e-01
-6.381423417502115392e+00
9.122422844338264891e-01
3.475655002176416097e+00
-2.643546333825664618e+00
4.023736177446514795e+00
7.629925924234910006e+00
-2.449283431140107048e+00
-8.226761856161814990e+00
-3.390398944189614738e+00
1.599687862134058225e-02
-5.457772500681580929e+00
9.455476410992236236e-01
-1.079810489824197139e+00
3.003137731762608453e+00
-8.052909631369813415e-01
-3.106053689422159980e+00
3.666496722008852238e+00
-4.074928971052798943e+00
-9.738693443298225283e-01
-2.478367948089833739e+00
-3.793277498605181819e+00
-7.233382908105414622e+00
-1.605873845474040440e+00
-5.421666193836959913e+00
-3.173377911877830471e+00
1.122661413977711220e+01
-1.092605351040356387e+00
6.180688755576134952e+00
-2.886096432652558885e+00
-7.115779267396915575e-01
8.534904499969847569e-01
1.007086414986298095e+01
3.357891245440746797e+00
-2.122757991342030692e+00
-2.215480940403735222e+00
2.737870159177191454e+00
-9.128829791426373852e-01
4.514073718759508580e+00
8.019437034362522088e-01
1.309282269912505825e+01
-3.833267119867155515e+00
-6.797031068506490747e+00
7.751717863196520675e+00
-4.679244033350609122e-01
1.581530556301742108e+00
2.141576557302479422e+00
1.717060867201746888e+00
-2.777074259709959581e-01
-9.267178591672507793e+00
1.985706895950989370e+00
-1.114667128597002232e+00
-2.072005517424682086e+00
5.770247688357985183e+00
1.547144302387368997e+00
6.940985223708476815e-01
4.213813824387475648e+00
1.980376247156944436e-01
-8.685368677446361207e-01
1.438847771375460383e+01
9.218819834618145137e+00
2.260190917116956744e+00
-5.448726528398952773e-01
5.831883620074201247e+00
-2.235384984280061271e+00
1.765668579967657692e+00
-9.202544063516759909e-01
7.186489331657118562e+00
1.177637240851328482e+00
-6.322053241992746653e-01
-3.288688697544137618e+00
1.882162065493697911e+00
-1.264134747850143681e+00
6.749803163867387212e+00
2.576582385605622960e+01
4.467084824724820713e+00
1.285282633031602728e+00
9.649950208180911204e+00
2.208125207824841674e+00
-6.874002886792618394e-01
-1.520031780555708645e+00
-7.030427084746865285e-01
4.168903132273776180e+00
4.047241399902065107e-01
4.532964365627822900e+00
6.162926962493293637e+00
7.621101456905797988e+00
5.152168044238531586e+00
3.469230620954594890e+00
8.636186628053001968e+00
6.279220901589939174e-01
8.009627237441860892e-01
-1.246706643718069385e+00
-3.753591611200314482e+00
-6.813021846036020790e+00
-1.525046784464881178e+00
1.253551889276710973e+01
9.470208833089756695e+00
4.179884465020209383e+00
-5.903892578131165969e+00
2.614095019115280305e+00
-1.905793219299298347e+00
1.712695535647202760e+01
1.727731892395699687e+00
5.613262355716171215e-02
-2.409792009597417906e+00
-1.867814503339131349e+00
-3.751164178010875982e+00
1.605217434564671475e+00
-1.355317332972275635e+00
4.619480696831915090e+00
3.386157426310729690e+00
3.369908845513370554e+00
1.905610694226780311e+00
7.101821925257280732e+00
-1.357775356535060318e+00
-8.488167373054317011e+00
1.262800352877165544e+01
-3.371965521432737756e+00
-1.374139662722160815e-01
3.313868705258166347e+00
-3.784995709585782908e+00
-2.190535022128493381e+00
-9.412427289174657430e-01
7.672999730263499352e+00
2.510948289615223317e+00
4.091873643000368821e-01
3.294864521132473412e-02
-1.422863308842170493e+00
-5.316418382568094181e+00
-3.925131722858825611e+00
-2.685325960680276847e+00
8.712581755434495534e+00
4.410350703637629377e-01
-6.755775918353764453e+00
1.368223014691574368e+00
-5.573830854896378639e+00
9.703560189118768164e+00
5.730606354207617992e-01
7.213953815470248720e-01
2.447008151609018078e-01
6.927380720322684482e+00
5.870839199253213181e+00
1.083401850304045455e+00
1.712856577891780363e-02
2.060605192306691480e-01
9.320659234612560518e-01
-2.833835678892105969e-01
2.114783570382240629e+00
5.404701068917964868e+00
-7.583498129193814385e+00
-5.780684543435632428e+00
-5.743504844616446725e+00
1.722242284598660245e+00
-2.238615036716354645e+00
-1.009746777812436047e+00
4.305270147505992462e+00
1.027767747157548817e+00
2.695569575321065336e+00
4.863716172632997825e+00
4.217231972650442806e+00
-4.753561048349503437e+00
1.638064790873440035e+00
1.137095993971679153e+00
2.810311842694517726e+00
-3.831419561918269157e+00
-3.217769896757468384e+00
7.065718227802310736e+00
1.433584486544028813e+00
-3.550980786125281341e+00
4.258611892142570632e+00
-1.666482369892154647e-01
-4.750092002285427606e-02
-9.104287026392729132e+00
1.400241299552329899e+00
1.876547021486363320e-02
2.586760159681282367e+00
-8.871715561429834196e+00
3.650979921378965098e+00
1.118748172345484804e+01
-2.997103456695952683e+00
1.105707650320033153e+00
6.936813971600916062e+00
-1.402001201721735368e+00
1.197405423390441315e-01
-1.137944603601891647e+00
4.710357057576862516e+00
-5.189776824768413732e+00
-5.383733683497025524e+00
-7.526450360237594062e+00
1.891496979096702447e+00
2.036179763436244183e+00
5.738417457405379452e+00
-1.615255702315996134e+00
1.476774710325940765e+00
5.435089826024126047e+00
4.748155012533439745e+00
-6.271700558153133542e+00
4.608611374457809440e+00
-3.963078924641488143e+00
-4.492353557313226275e+00
-1.573709619674992677e+00
5.101308320731453350e+00
3.614176684726107425e+00
-9.730341228358716510e-01
1.844542828751029706e+00
-2.781360958199126987e+00
-2.788893270268090419e+00
6.578116630054775982e+00
-5.931830567555792300e+00
2.309640326843845237e+00
4.997866912693122998e+00
8.131996312238861435e+00
-3.191806492347752489e+00
3.656027943423057813e+00
-5.288312232544609692e-01
-2.074113294600588908e+00
-3.006007377514537948e-01
3.000600388254681672e-02
9.966604878248263022e-01
5.134391742599104802e-01
-7.118827723664237439e+00
1.338438155288456111e-01
9.955339469692498611e+00
-5.017068384299596673e+00
7.248696251778559585e+00
-6.463834708897561176e-01
-2.942621574304932874e+00
3.299952255338559404e+00
1.225167177218839054e+00
-9.844678390298822190e-01
-3.493196067124132220e+00
-1.737807526056453833e+00
-8.084767645155783722e-01
2.588401931770180742e+00
-2.774383541421163724e+00
-5.626992569334443139e+00
1.028787174426941453e+00
-2.868136812086962695e-01
-3.043143760778976414e+00
-3.427404230379650363e-01
1.021683025203883544e+00
-2.591543948812283560e+00
-3.127916425138279166e+00
-4.586149301711071047e-01
-5.061323414799274722e-01
1.127333566400790188e+00
6.667615292098303392e+00
-5.290395121245052401e+00
2.494666432351834384e+00
-3.068656817184118424e+00
3.385690783129366555e+00
-2.913862220652199575e+00
6.914752117039730805e-01
5.190640202151588944e+00
-5.816422310347636682e+00
3.866930895390115475e-01
8.400711966722491653e+00
3.798668748393222994e-01
5.685052935472637792e+00
1.629094826125716544e+00
2.630713133656373826e-01
9.803481958621755865e+00
2.423905052496547086e+00
-2.188547636378479211e-01
9.169411263761567454e+00
1.930574628898897860e-01
-1.502575054206390037e+00
8.949231406573920466e+00
-3.275355101923378420e+00
1.001981916457454425e+01
4.570612684780537727e+00
1.750035478941355693e+00
-6.765872765663628607e-01
8.891633433201329151e-01
2.995444019226468080e-01
-1.002465321873372694e+01
4.657380439017401841e+00
9.803462800607068983e-01
-1.150993184839324890e+00
1.815240759648510727e+00
4.241272853737384274e+00
1.462590160138588002e+00
4.803463357589056848e+00
8.151660726508081822e+00
-2.996950040849666763e+00
-7.853866861084088935e-01
-9.219660972946848165e-01
-4.433707962435299521e+00
5.691079848121568752e+00
-4.949325064685360154e+00
-8.868810667987115925e-01
-5.646227577850641666e+00
-5.518330798469830434e-01
-6.134589701427207054e+00
-2.486992180789050266e+00
1.226652685567357404e+00
-4.287841231492404148e+00
6.923914252623887045e+00
1.578350090541098893e+01
1.039755817557864326e+01
9.247005878694681158e+00
1.205513550525581046e+01
1.290542223856162529e+01
-1.111879015313010255e+00
-5.692144436733083346e+00
7.492697522093183515e-01
-4.878863097435716112e-01
4.626459174818781328e+00
8.414331665849493769e-01
1.196408643808236638e+00
4.624546144514498636e+00
1.254521343184362614e+01
1.030951514015737835e+01
5.843839928084777757e-02
4.862932967696060316e-01
1.132504558994302890e+01
-8.796274512468695406e+00
-2.691628555851560689e-01
4.135533136640887619e+00
5.970991114276672285e+00
4.185017846819252263e+00
4.839202464362859502e+00
-1.041006833239683438e+01
1.876532587582357081e+01
4.705595924056200197e+00
1.373701316783279758e+01
-2.393619571217143527e+00
1.896682667996545035e+01
7.673027367273293819e+00
-4.596757381343500870e-01
1.156725112904045893e+00
-2.668429538513770627e+00
1.931181110054278172e+00
-3.038779473787105889e+00
-1.942321171354268960e+00
1.479204029059449699e+00
5.155500548781301262e+00
8.640237185212674476e+00
-1.740910998866591175e+00
-6.034996733758815068e+00
5.490038867377464271e+00
-3.945190685037214262e+00
-2.773620510212219337e+00
-6.381123304796941120e+00
-1.138058769458839992e+00
-6.610592603283896196e+00
-6.685896634237010083e+00
-6.927026855637742564e+00
-6.991186813277547429e+00
-6.776450340907120840e+00
-6.730757928792110434e+00
-6.821991400536411732e+00
-6.907107191922420952e+00
-6.681224918295876947e+00
-6.657285079742417899e+00
-6.828914445006968315e+00
-7.031904399701349284e+00
-6.939535297450392548e+00
-6.969345092570169875e+00
-6.740782956927590774e+00
-7.030679694434166294e+00
-6.741417905418141565e+00
-6.585601674852008536e+00
-6.713109329308878159e+00
-6.904762689260461883e+00
-6.927387122997034297e+00
-6.816756317497891793e+00
-6.595961824534089857e+00
-6.794848440302192039e+00
-6.688778694395352886e+00
-6.723959282642005597e+00
-6.737366901654509910e+00
-7.055413317206939539e+00
-6.609029973009972636e+00
-6.627668899644920231e+00
-6.804026323374020357e+00
-6.680270522218470397e+00
-6.694149083257217470e+00
-6.858520767833630849e+00
-6.738759258235527128e+00
-6.691452669570469247e+00
-6.847914893724646568e+00
-6.775571962790380098e+00
-7.038179758515846096e+00
-6.955532845720986401e+00
-6.623732664493139133e+00
-6.875080768076910154e+00
-6.575007965649030339e+00
-6.731531344377067683e+00
-6.858037946222794723e+00
-6.583833052708438771e+00
-6.790273405869672985e+00
-6.775574876364776067e+00
-6.642041707116617566e+00
-6.691051549382288854e+00
-6.935734439330827783e+00
-6.605245277714524299e+00
-6.897608550184384235e+00
-6.752096555871188954e+00
-6.589977485385775324e+00
-6.532722577492256377e+00
-6.680033083355128021e+00
-6.811872681285604969e+00
-6.788140654778828775e+00
-6.920839283205054926e+00
-7.065189406834517349e+00
-6.841359198120176011e+00
-6.625314200585070701e+00
-6.806544929819626333e+00
-6.774660988766019187e+00
-6.849561556437345544e+00
-6.633982620670897390e+00
-6.760114612862569317e+00
-6.806784914806941700e+00
-6.778134886982205565e+00
-7.066733815628314375e+00
-6.567126571354294562e+00
-6.815614136923770161e+00
-6.788142016911463905e+00
-6.679863818924900443e+00
-6.539940732267163881e+00
-6.750844704886295844e+00
-6.482686726462971727e+00
-6.770401170703593152e+00
-6.843708130650254517e+00
-6.899533229826745107e+00
-6.800217909272388006e+00
-6.897629752529827130e+00
-6.820465855569215918e+00
-6.857393038375614758e+00
-6.662084258837337458e+00
-6.633198712537917707e+00
-6.895643635703334162e+00
-7.037877387397573514e+00
-6.710754786690905860e+00
-6.839399803214685214e+00
-6.635412830762973613e+00
-6.984106096196912361e+00
-6.771642915780438976e+00
-6.901579822542569076e+00
-6.698727644069445653e+00
-6.681266484581556142e+00
-6.858604524907904398e+00
-6.824312913897347954e+00
-6.690770426363074286e+00
-6.511127917345211458e+00
-6.576336297089803828e+00
-7.032079851740940413e+00
-6.646427835376392146e+00
-7.035289862866395794e+00
-6.777904617022658229e+00
-6.774058675586951850e+00
-6.586201376429088761e+00
-6.760363999035093663e+00
-6.742836154025553697e+00
-6.833986032925397858e+00
-6.516063514617140839e+00
-6.902952403059066988e+00
-6.730345422505274122e+00
-6.589147458981009287e+00
-6.820931038191810458e+00
