2.837247665240625452e+02
1.395311877788590493e+02
3.072510183534836870e+02
2.679978294322824581e+02
2.482492694157857329e+02
-1.910350877107229550e+01
3.035334290801354200e+02
5.126042671925853256e+02
1.901158078247233618e+02
1.858959640198981731e+02
-3.680211385397841184e+01
-6.562887118164157130e+01
3.089190176478657008e+02
3.450025881021976488e+02
2.999666599711784443e+02
1.133013179936825310e+02
1.537412497815132610e+02
2.131598316790601757e+02
3.424531286981552967e+02
4.019235209764921137e+02
8.530525427742959721e+01
4.026282207010204957e+02
1.804017310462137118e+02
4.685310317620530327e+02
2.578955870024283286e+02
7.572225650084434392e+02
2.182840183365534870e+02
3.837596639007934982e+02
2.707824227210054460e+02
2.878995065807706624e+02
3.269604029538691066e+02
2.233569655378130960e+02
2.048668880207034420e+02
2.901441538051876705e+02
3.036293751950753972e+02
1.973822313526132746e+02
4.677719639452338924e+02
4.822646161803732525e+02
2.495061549552302722e+02
8.993266962622185190e+01
2.136362964913542442e+02
4.465125490402599553e+02
7.635961636351821653e+02
3.749886739399653379e+02
1.340942136305786505e+02
9.772364496845986537e+01
1.207666680589792918e+02
3.242401805787212652e+02
6.252610975473015742e+01
2.153171776742096029e+02
6.788897391023230057e+02
3.958823100454050063e+02
2.455884076131770541e+02
5.201478318094768838e+02
2.568107001922244876e+02
1.547038707658252576e+02
3.414425862284860500e+02
2.105238973629701320e+02
5.551746711202000597e+02
2.206501683268332101e+02
3.173298855448760669e+00
4.040582031657114612e+02
9.958429273381122471e+01
5.245349398124600384e+02
2.703892706329454541e+02
3.167745111378714000e+02
4.150942707949550368e+02
1.298115464497211065e+02
1.002030797617984206e+02
1.590569542442479190e+02
1.236546387721090952e+02
3.926157301574100416e+02
2.899768745660379636e+02
5.306383129100240694e+02
1.007425999616954897e+02
1.377567650702613662e+02
6.647185095895513314e+02
1.673204532046033535e+02
4.807532452116418540e+02
5.645416296909905896e+02
4.479751495151259633e+02
7.319222942173473712e+02
2.132020999646400128e+02
4.364680569253513340e+02
5.637515621684502776e+02
5.726261399583850107e+02
7.117092831271485238e+02
3.250833758181662461e+02
6.153669705505172942e+02
3.734504978367863828e+02
3.676336717214628038e+02
6.595939562302244212e+02
6.349493902419387723e+02
7.973628761032435932e+02
2.021054542065322224e+01
2.524115471243104309e+02
3.879969635718864538e+02
1.446311749433583600e+02
2.637043499372999804e+02
3.677127064472468305e+02
1.015912790685606808e+02
2.051371219231451448e+02
3.620208347169926242e+02
4.927441590964297120e+02
2.239114106985338424e+02
8.069249234314871728e+02
2.628488660904616836e+02
2.601242352338764476e+02
8.888278667054436255e+02
1.240154741320058776e+02
2.354256739269796981e+02
1.600436790276779959e+02
4.363649237754102614e+02
3.658643745635620235e+02
9.400194162483572313e+01
4.819742886127553447e+02
5.002420824420094618e+02
6.225649705861900429e+02
9.589219242139806454e+01
3.146049737259244239e+02
3.350931644930457765e+02
4.010631465401420996e+02
6.338036463267206955e+02
1.272562523994223739e+03
1.178666828129867326e+03
7.314322148830716230e+01
3.017901394761249776e+02
7.086233992464420908e+02
1.169948690182035307e+03
7.717780127429568893e+01
1.405223316361828267e+02
8.631636889108801824e+01
1.866732525696104119e+02
1.080086188517243215e+02
1.001046439323633876e+02
9.436243674893972866e+01
1.274637254852243160e+02
5.260352013359942021e+02
1.334369550333992947e+03
5.077060021846801874e+02
5.570824088835357770e+02
1.774279725477554450e+02
9.405806165357167004e+01
7.170982516087645990e+02
1.450831754538849054e+02
7.250796501683529414e+02
4.967762811413041391e+02
2.719811797782970757e+02
2.682010350023485898e+03
1.811379511749572089e+02
1.067439817337049590e+03
4.513689799714197761e+02
1.754950807310017353e+03
1.147285247462054713e+03
2.280057877786186509e+03
4.032248857014967029e+02
5.775989172091373121e+02
5.471348973823573942e+02
1.679131362251207520e+02
5.458123929090927504e+02
6.244176915941358175e+02
4.702152403666797795e+02
8.368262474847090289e+02
1.202814499523502036e+03
5.470761017980569250e+02
7.600488636895942136e+02
8.989267189932531892e+02
4.260817342828639767e+02
9.663781889857835949e+02
5.304855012257498856e+02
9.994068058419001090e+02
7.603729253440365028e+02
1.605855269153725885e+03
1.565367640747785117e+03
6.608179118913377579e+02
4.962075971523622684e+02
2.861509092992021124e+02
2.183437156342239689e+02
1.276229043804974481e+03
5.600648400852332998e+02
7.332141928976691361e+02
9.971997756958082846e+02
1.438690184117453100e+03
2.007661678336313798e+03
1.400892819224736172e+02
2.254546387700946980e+03
1.091986301473770027e+03
9.532829705707547419e+02
8.171544355940304740e+02
2.231005330301553258e+01
2.406985463130608878e+03
3.527717275586076539e+03
4.206663506640753099e+02
1.487041637217610628e+02
2.400746877459695497e+03
2.787379885978524726e+03
8.450904592187578146e+02
2.600131992911692009e+02
8.979255531350760293e+02
4.531837278176454902e+02
8.185575527314235842e+02
1.121349173233548754e+03
1.222320956865413336e+03
5.799531979629947500e+02
1.199225937176587280e+02
3.174493340871537157e+02
2.964107747076106989e+02
-2.235699237039122655e-01
1.939475360566070094e+03
5.865897223366389426e+02
4.775558766765845462e+02
4.579065338670383198e+02
2.782101584857432044e+03
4.045767405858646839e+02
1.010519496849395978e+03
1.510539669065482258e+03
1.029508936556108438e+03
2.181234561117198155e+03
1.020739634006270308e+03
1.751476681445493796e+03
1.923649075467397324e+03
1.666040160064298789e+03
8.250078152911343068e+02
3.218652359964504285e+03
2.934612731896077548e+03
1.561625500496283223e+02
1.833381535413770280e+03
4.009547477130598736e+02
1.997267493221971563e+03
1.233456268270129215e+02
9.839290488942194770e+02
1.982563574408684872e+03
2.929947106434276066e+03
2.952826707045312560e+02
1.976500518252146094e+03
1.601352631401521421e+03
1.714893021168064934e+03
3.373398740035274841e+03
1.472126341857616580e+03
8.695358364278781664e+02
1.387083716959404910e+03
4.137469760538497354e+00
7.262597103618296615e+02
9.568469309519107355e+02
1.433480673691403126e+03
1.458215748127091501e+03
1.917708856200999435e+03
1.173277787453151859e+03
1.890388644499237671e+03
1.808809948859814540e+03
4.973052156175020855e+02
4.879930296273627732e+02
3.084429640416031361e+03
3.938543984722407913e+03
1.289026070931617767e+02
1.454857747609230728e+03
1.630067791576301488e+02
4.481458277001007446e+03
1.779330684058322049e+03
2.159765417710830206e+02
3.376586261984563407e+03
1.737891706757355905e+03
7.320162071820147958e+02
1.165004155817468700e+03
3.762429272331249649e+03
1.006978242699331531e+03
4.410235916586913845e+03
1.088694258966164170e+03
2.380083112117083601e+03
3.247494131235492659e+03
1.016381163185229070e+03
2.468595272797559517e+02
3.603776033473546931e+02
1.964971908844228437e+03
2.911597810847474648e+03
2.272103767281206729e+03
1.679488920020191244e+03
1.574403701083176657e+03
1.800021284219783183e+03
1.848337315882279199e+02
2.336990504160110333e+02
4.013605679522979244e+03
1.258020920277093865e+03
3.046116971190132972e+03
4.248512795760734662e+03
9.631128527696034780e+02
3.058629603430395605e+02
3.999711115791048996e+03
4.129944978219038603e+03
3.933557435481197899e+03
1.205494645151232362e+03
1.309153593800539966e+03
4.363555941577200429e+03
-2.451244645564496505e+00
1.015311859652353974e+03
4.252998657318386904e+03
4.557849761834338096e+03
1.301488598616484467e+02
1.627555075111152291e+03
1.907042615205217089e+03
1.226270811502855395e+03
1.194131980099164821e+03
4.433120894082437189e+03
2.922363730996276445e+03
1.623968020742326644e+03
2.117949048720951851e+03
1.650464796385637385e+02
1.082507981214562960e+03
2.350819329085829565e+02
1.513225004792569450e+02
1.710002166494677795e+03
2.166548360181411681e+03
1.978273338011246096e+03
2.845609805051550666e+03
6.121570639040859305e+02
4.319604734128760356e+03
6.491510170909722710e+00
1.948187240272888175e+03
1.639131391485753042e+01
1.633167663855443152e+03
1.269586527214693632e+02
1.286782877749074714e+03
3.911092872654764960e+02
2.719840592482755142e+02
1.585268248358981396e+02
2.240853806831532893e+03
2.463529891165814547e+02
1.561168875071481352e+03
2.382220480278603191e+03
8.862414435660046763e+01
1.443596028923250856e+02
2.791703578531075891e+03
2.361825226115262524e+02
4.929935867308021443e+03
3.595682055924717588e+03
6.132592645540740932e+02
1.949417234928694825e+03
4.346124592743850371e+03
1.261859294154380223e+03
3.795603621518970158e+03
2.838542930213026466e+03
1.617295681506323035e+03
2.293256174563534387e+03
4.149491184038184883e+02
1.060156871757594530e+02
3.078954681040528612e+03
3.480477766594563036e+03
2.920006288767984643e+03
4.749967176287847906e+03
5.036398983107394997e+03
4.131832219252909226e+02
7.232178218919956691e+01
4.941225943860878033e+03
1.904784089372699327e+02
3.804446761672132652e+03
4.284872140046464665e+03
3.105734225215110655e+03
1.290526459824929589e+03
4.673330098552848540e+03
8.782354198854648075e+01
4.466405998433362583e+03
3.683993457438972200e+03
4.551365005229838971e+03
1.184797339878627326e+03
1.538030537654953605e+03
4.585617487569167679e+03
4.467107936879016052e+03
7.267140318419558298e+01
3.857532022440956098e+03
9.543179487205387090e+01
4.772034651166318326e+03
4.790079688202672514e+03
4.412116631089744260e+03
6.036275690634870443e+02
4.212290815358529471e+03
4.520644388155036722e+03
4.524217441594008960e+03
2.444027865013857536e+03
2.646756753083078820e+03
3.188591143786921293e+03
1.524656099082440335e+02
4.505277310530364957e+03
4.448886473361985736e+03
4.202814217168611322e+03
3.701609293477094070e+03
3.967388352315121210e+03
4.263097353885283155e+03
3.984649165495280613e+03
2.148449970619385283e+02
4.284847367023438892e+03
4.463208520675304499e+03
4.816900338337686662e+03
2.663995644884197645e+03
4.610256931405458090e+03
1.465885047388077851e+02
4.556555056796334611e+03
1.321489293925151856e+02
1.448832713413473812e+02
1.414583328873904122e+02
4.422891736066577323e+03
4.703138982162124194e+03
9.240984648523659644e+02
2.435476355991976050e+02
7.741441081917773204e+01
1.405439049277309550e+03
8.608488032289905050e+02
2.412478422932294052e+03
9.936658470903190619e+02
9.292058779372048321e+02
4.190290543017785239e+03
2.799784411664111303e+03
4.438335217518048921e+03
2.730918388067426349e+03
1.488187138830311142e+03
4.709058496055225078e+03
6.289470488346694310e+02
2.796723910141358829e+03
2.511508530624104424e+03
4.439148954454162777e+03
4.571639762072349185e+03
4.215106426628195550e+03
4.279633949665704677e+03
4.127064834943488677e+03
4.899310559982298400e+03
4.377198818995150759e+03
4.010001318012521097e+03
4.327482369983244098e+03
1.568681376155484031e+03
1.214765304875564027e+02
3.770221296861503106e+03
5.289035253855907968e+02
4.321014647401370894e+03
2.049128727363401765e+02
4.840954440228025305e+03
4.560645250085855878e+03
3.727324181537431286e+03
5.075163062692451604e+03
3.794308716171561173e+03
2.336297581093033386e+02
4.528933404071734913e+03
2.792330464862485769e+03
4.815937482809247740e+03
2.473595840494425374e+03
4.091524758771234360e+02
3.365426815441140889e+02
4.650010420955994050e+03
5.238465900652475966e+02
1.726681026699767017e+03
4.662260290291786987e+03
4.679212444202682491e+03
4.515266602375605544e+03
4.394542880273420451e+03
1.069820267895285753e+02
1.244890762186478696e+03
7.301308916321617062e+02
3.050491594513569908e+03
2.554120539171548444e+03
5.078595319219461999e+03
1.690034712491815981e+03
6.481885444642277889e+02
2.152375747359260004e+03
4.650948454408689940e+03
1.367892718863940672e+03
2.945848975699804555e+02
1.941352725779945843e+02
4.866291813872974672e+03
1.420988544524376039e+03
3.037692437100769894e+03
4.213888494649657332e+03
1.555062312188662759e+02
2.943283978487387230e+03
1.586429678188180787e+02
4.542347291632842825e+03
4.098737453384136643e+03
4.330896578881027381e+03
4.771963602502473805e+03
1.309252802109425318e+02
4.354609968566288444e+03
3.301221667226492627e+03
2.725847163683751660e+03
2.435079141294558838e+02
4.609271376016044997e+03
1.433264394818653955e+03
1.744939661660619095e+02
3.340925304713704918e+03
4.662807765817818108e+03
1.929574027203850051e+02
1.317863801961739455e+03
3.952157357387143747e+03
4.340579307046536996e+03
2.123015992705290500e+03
2.874013435610107081e+03
4.500925952883282662e+03
4.249058960223073882e+03
5.185877918628679254e+03
1.049706932111937249e+03
4.908312587521567366e+03
3.347654177106309362e+03
1.682211219647681901e+03
4.583765146746678511e+03
4.757361391903431468e+03
3.600403769651227321e+03
1.793613475675293330e+03
2.965810030332164388e+03
4.546849567876326546e+03
1.258192348454808354e+02
3.122615046918421740e+03
3.561916789027815867e+03
4.480344367508012510e+03
4.718502309695617441e+03
9.964842908727982262e+01
1.796047296526797084e+02
4.602317160491453251e+03
7.902619640310542763e+02
4.320155619349432527e+03
4.686771205423488937e+03
4.242528983362474719e+03
4.479861879740617042e+03
4.449865308054463640e+03
4.739219266824342412e+03
1.311586708249468529e+02
1.503538319587592014e+03
4.549174933298655560e+03
4.082272769892915676e+03
2.061564131025892493e+03
4.964060623302900240e+03
4.335918126999789820e+03
5.908180216824275703e+02
3.767450715715346632e+03
4.519609261895855525e+03
4.895750755681575356e+03
4.155938431330087951e+03
5.654303026989285854e+02
4.840850683294533155e+03
4.393336954562097162e+03
6.593877864325196470e+02
2.761537608738703057e+03
4.471740881493416055e+03
1.596840726412233664e+02
4.854467142022477674e+03
4.665545087954602423e+03
8.394884399187914141e+02
3.446722638322437888e+03
1.162324279735963273e+03
1.756755001250847727e+03
4.617834557731534915e+03
1.679274711290737798e+02
2.289337816711774849e+02
1.259960219859482550e+03
1.074475498635856184e+03
1.495228656378629353e+02
1.258042386284197960e+02
1.566656177990691958e+02
4.664164826476946473e+03
4.186880670639226082e+03
4.362443513485190124e+03
4.532322178300821179e+03
4.628645091910187148e+03
1.938585718516905217e+03
3.283445714486940233e+03
1.528156034683085863e+03
4.506453384442003880e+03
4.492406912189883769e+03
4.546254521748336629e+03
4.885068569429772651e+03
4.400402529488024811e+03
3.229466159951599593e+02
3.058225449029448100e+03
4.865585557279467139e+03
4.832738859028056140e+03
4.825500385279096918e+03
3.000021830625074017e+03
1.749135644200512843e+03
3.348342976503008686e+03
1.475439999439066980e+02
1.517153395074959121e+02
1.724885970154471693e+02
4.042764243592968342e+03
4.132062477281090651e+03
4.430999057231536426e+03
4.504592526831679606e+03
4.743711537528194640e+03
4.746371022739416730e+03
1.774780257778361943e+02
2.140081225356746302e+02
1.930377041716371423e+03
4.393595718223898984e+03
2.178030916535351480e+03
4.638338598768118572e+03
3.581565606480631345e+02
4.317231079417768342e+03
4.491903332213248177e+03
4.454027706582569408e+03
1.141942814250526794e+02
4.268777792396649602e+03
4.387334661275352119e+03
4.202200703803695433e+03
4.656467390526820054e+03
1.268750082149529135e+02
5.022011135917760839e+03
4.557476065372867197e+03
4.939196555223192604e+02
4.682808112771586821e+03
2.719209915023776375e+03
2.031574442901743623e+03
3.121142076529743917e+03
4.151113206682335658e+03
4.678290382947237958e+03
4.562785907555467929e+03
4.577200054302382341e+03
1.473310110337112064e+02
4.892556198765543741e+03
4.991281386492539241e+03
4.644049235987847169e+03
4.717991698850258217e+03
4.335725314625440660e+03
1.086896946007031772e+02
4.768012471946752157e+03
4.309684290747833984e+03
2.445359495356005937e+03
2.054998279932923651e+03
4.667838149133842307e+03
4.685296375729386455e+03
4.177778971203023502e+03
4.856905850740452479e+03
4.570033614631307501e+03
1.377857309848040188e+02
1.843971353967230471e+03
4.791531287356383473e+03
2.885647480896759134e+03
1.693748240497116740e+03
1.785065135780557455e+02
2.327543083841341740e+03
2.189859826151222535e+02
4.868566872532950583e+03
2.090753734162933142e+03
1.723584577512662577e+02
4.599418375112598369e+03
4.857989574449281463e+03
4.777861789809236143e+03
4.777932149234165990e+03
5.083492007172853846e+03
1.373247164423534059e+02
1.455636137235122192e+02
4.716432186431522496e+03
2.590882864480042826e+02
1.395347338219014546e+03
4.786500743248404433e+03
5.010760659973718248e+03
4.935758481520218993e+03
4.021442153187125314e+03
4.959775542071634845e+03
4.867900645875590271e+03
1.874409764765422551e+03
4.554759315546723883e+03
4.688006011782373207e+03
1.655340196652173006e+02
4.436891488979513269e+03
4.567743494623755396e+03
4.448681484563440790e+03
4.735747412589988926e+03
4.628999806097995133e+03
4.423788307532027829e+03
4.595395104165191697e+03
3.544727342191980370e+03
4.584895599548622158e+03
2.124902396703695331e+02
3.486298574592196474e+03
1.487420807043782816e+03
2.550475536742998884e+03
4.526400680837710752e+03
2.667133890184671259e+02
2.964895062950203283e+03
4.745003366986254150e+03
1.854942012678559706e+02
4.737365745181879902e+03
4.592740536268634969e+03
2.102725931250438975e+02
2.781699590718948912e+03
1.817320043845995315e+03
1.761139882856323879e+02
2.064789942687652342e+02
4.570908199544097442e+03
4.705751260229034415e+03
4.650239993380271699e+03
2.145058091935733955e+03
7.757713263010076616e+02
4.624537210895343378e+03
2.489360760893868871e+02
4.534563725861628882e+03
5.160743810612556445e+03
4.709525574293792488e+03
4.793700337110036344e+03
2.529119388367044792e+02
4.737605585834702651e+03
1.231757410646878270e+03
4.799850267429288579e+03
1.125847645810944869e+03
4.746993678240114605e+03
4.328644190239810996e+03
4.697754578548578138e+03
4.635190710843896341e+03
4.542086180662717197e+03
4.604907923682104411e+03
4.590040742271050476e+03
6.443931594661964937e+02
4.700956765615087534e+03
4.737604281037433793e+03
2.825997491828603870e+03
1.338733054038302157e+02
4.718883738205692680e+03
2.489017556411814894e+03
4.660530677472671414e+03
4.411214275236455251e+03
4.519303407339501064e+03
5.047452338982406218e+03
4.661019444300231044e+03
4.897964650515188509e+02
4.861983812946046783e+03
4.761987350318255267e+03
4.449665481577675564e+03
3.247169266534208873e+03
4.743585680241595583e+03
4.726837964064250627e+03
4.716640170319697972e+03
4.943355397172529592e+03
4.739334566446855206e+03
2.380468165191717560e+02
2.091465047888259221e+02
4.903080068704047335e+03
4.703141207064220907e+03
4.995887850992435233e+03
2.069177915001166639e+02
1.721503139343876967e+02
5.040140612311726727e+03
2.320837075118318353e+03
1.471578813020313703e+02
4.803371060489899719e+03
4.820320190900793023e+03
1.684750114996629975e+02
4.690259965246273168e+03
4.743020772991952072e+03
4.962530950673723964e+03
4.906888635506158607e+03
5.174225578677178419e+03
5.136762528397384813e+03
4.804688492081289951e+03
1.065075794021709953e+03
1.458878047923699057e+02
4.717786201444885592e+03
4.942194828103438340e+03
4.187581176054346201e+02
4.617246162016404924e+03
5.070603899580713005e+03
1.668391318464728670e+02
4.580898985348730093e+03
4.952767594010805624e+03
4.807667850914446717e+03
4.992644797065589046e+03
4.849309050317942820e+03
4.511048295119190698e+03
2.166997774202505298e+03
4.632111092586196719e+03
4.688141910405309318e+03
4.500064554161365777e+03
4.927978396903399698e+03
1.737663220009128224e+02
4.950262861085047916e+03
4.700035112747445964e+03
4.638721326861307716e+03
4.798475555236314904e+03
5.131441986052041102e+03
1.792692682925753616e+02
2.072277894779725102e+03
4.724476775281440496e+03
4.649709233500509981e+03
3.481959774865867075e+03
2.371361017990262098e+03
4.829684800065756463e+03
4.739161087246885472e+03
4.786900613203938519e+03
4.771914633380732994e+03
4.940497575412225160e+03
4.567236596886491498e+03
2.289721982468744500e+03
1.804592111111132340e+02
4.552766747611906794e+03
4.866425328209820691e+03
1.128700855786425336e+03
4.809644407244032664e+03
1.302930873250513059e+03
4.819747191348273191e+03
4.878874068640350742e+03
4.843669877527999233e+03
4.596108843429005901e+03
4.761301883867805373e+03
4.607187502430613677e+03
4.972268245511446366e+03
4.765269386014085285e+03
4.980807956654968621e+03
4.899856079776759543e+03
2.455842414421118065e+03
4.824646737660057624e+03
4.643558025438069308e+03
5.079011706324232364e+03
4.786315176619210433e+03
4.953647471055260212e+03
4.756167309822284551e+03
1.977325222247020292e+03
4.616908199811050508e+03
5.051897453457165284e+03
4.862134788662872779e+03
4.878665268795148222e+03
4.860879536613159871e+03
4.571568418339395976e+03
4.863163367248261238e+03
4.744535766865938058e+03
4.708126441300341867e+03
4.615113658721798856e+03
5.030426444141653519e+03
4.186278407675313247e+03
4.794956810002754537e+03
4.602193443421905613e+03
4.790087347916754879e+03
4.836673254912833727e+03
2.146416232607097641e+02
1.531131908753337889e+01
4.893494029254395173e+03
4.925532119041536134e+03
4.817073409330238064e+03
3.605149749090207024e+03
4.647298229461293886e+03
4.644382909213956736e+03
4.205704887442097970e+03
5.184500553046394089e+03
4.861767999680788307e+03
9.504936853126431515e+02
4.958731674867989568e+03
5.613880207771644564e+02
4.708441203626026436e+03
4.791809071153478726e+03
2.838136733373639800e+03
4.924295140903549509e+03
4.900934955657415230e+03
1.108100745403787414e+03
5.010702358318274491e+03
1.659791662407436377e+02
4.832342242806858849e+03
5.067514795405390942e+03
4.800280106670592431e+03
4.792917030950402477e+03
4.782149724104147026e+03
4.979739374393697290e+03
4.982461909719978394e+03
4.697077137424602370e+03
2.189479598432966725e+02
4.813971106407214393e+03
4.586722019081793405e+03
4.781154218721772850e+03
4.744652733421580706e+03
4.883622524625775441e+03
4.734172729073402479e+03
4.888746076829910635e+03
4.871958728066137155e+03
4.789785960264076493e+03
5.009268617769821503e+03
1.879235557432323560e+02
1.566661668603021781e+03
4.905610392683685859e+03
4.674821986575482697e+03
4.804390217637594105e+03
4.752952603994574019e+03
4.711023023168778309e+03
4.873805587668507542e+03
4.651934043531305178e+03
4.783381545377312250e+03
1.943378944324873316e+02
4.705383736488877730e+03
3.328524517305145764e+03
4.993586077928063787e+03
4.578932673894410073e+03
1.607663873621683592e+02
4.699430524423587485e+03
4.845567745426734291e+03
4.958963264795099349e+03
4.772157350769301047e+03
4.851309529628135351e+03
3.098422458149493650e+03
1.407518266792719146e+02
4.894901988159236680e+03
4.732448758041362453e+03
4.623751017414574562e+03
4.822505810081484924e+03
4.662096312356494309e+03
4.848786407448172213e+03
4.807254487771518143e+03
4.733719828075925761e+03
1.440882635513193293e+02
1.798064989909704252e+02
1.333579713001697087e+02
4.912780590206614761e+03
4.939206769753566732e+03
1.746090554857280495e+02
4.878401677560841563e+03
4.878540685630208827e+03
4.895805139946482086e+03
4.854364063833707405e+03
4.752218219490531737e+03
5.029983053635096439e+03
4.882747154669030351e+03
5.170449812437319451e+03
4.975153834946477218e+03
1.177434145401918357e+02
4.897077335635570307e+03
1.394243034166048005e+02
4.942772086383306487e+03
4.715251449154145121e+03
4.957954611401659349e+03
1.135445526843898278e+02
4.919205825905113670e+03
4.834817158180979277e+03
4.887120434903924433e+03
4.776523125857890591e+03
4.934828046852037005e+03
4.878936404499693708e+03
4.748918985634357341e+03
4.685752293012169503e+03
4.880959904264544093e+03
5.003555806632026361e+03
1.386839516740837439e+02
4.711035203280879614e+03
1.298735816179987523e+02
4.902516990139009067e+03
4.846994643316930706e+03
4.873543846345006386e+03
1.392954539801265810e+02
4.849277925678543397e+03
4.835816735107227032e+03
4.562216707832149041e+03
5.207454163216354573e+03
4.782419841995784736e+03
4.951700345290400946e+03
4.799125248386852945e+03
4.932042762039661284e+03
5.123612604862508306e+03
4.796470265724489764e+03
4.792938530935715789e+03
4.802386793639697316e+03
4.950707427063574869e+03
4.604553758774773996e+03
4.667768395379569483e+03
1.356285133609472666e+02
4.944445158159963285e+03
4.600489921930563469e+03
5.028982919979875987e+03
4.913988668481748391e+03
7.541091186364740224e+02
5.135604469951420469e+03
5.006664447083879168e+03
5.214843818643533268e+03
5.247373411157440387e+03
4.912303324466745835e+03
4.928768604324748594e+03
4.949316612687116503e+03
4.785681381031415185e+03
4.685081648000372297e+03
4.890911401068321538e+03
5.041371590245562402e+03
4.871075744430112536e+03
4.921955221562428051e+03
4.976767709902695060e+03
5.028440658123767207e+03
2.349169536649265410e+03
4.672514688953098812e+03
5.031814974535899637e+03
4.822990258014394385e+03
5.035929790769957435e+03
4.881144360609484465e+03
2.721152698309684226e+01
4.860465898364116583e+03
5.020586839278097614e+03
4.984100673330207428e+03
5.018057828757220705e+03
1.414960702598305602e+02
1.429871014724456586e+02
4.835873971292482565e+03
5.001342004665152672e+03
5.007589411736146758e+03
3.088980567568909464e+03
4.884493377818421322e+03
4.679104426295540179e+03
4.955587646650231363e+03
5.000062712460606235e+03
4.854837938343232963e+03
5.097436236986021868e+03
4.806280227003901018e+03
5.092599890446693280e+03
4.971776190196233074e+03
4.758045397641947602e+03
4.834509000597166050e+03
4.978605184192748311e+03
5.028146586026427940e+03
4.592856850350686727e+03
4.645698759581467129e+03
4.729592787670456346e+03
4.899493824675614633e+03
4.804211945140941680e+03
4.892172525510619380e+03
4.993651616335091603e+03
2.110972948350753313e+02
4.774711804221413331e+03
4.937929622317647954e+03
4.919251693035608696e+03
4.786559433175131744e+03
4.888208969509343660e+03
4.949332386657664756e+03
5.020518152929395910e+03
4.642239620466133601e+03
4.755385797605790685e+03
4.789432235712099100e+03
4.851323136239697305e+03
5.163597249831638692e+03
4.818890357607145233e+03
5.004351228697005354e+03
4.923121539193210992e+03
4.902841079116749825e+03
1.402796514189269601e+03
5.059239892221241462e+03
5.096687065149411865e+03
5.104172900194734211e+03
5.105642615222672248e+03
4.840700637648892553e+03
4.712774126278196491e+03
4.964389038672453353e+03
4.998152910694397178e+03
4.846758791077659225e+03
5.021058045398344802e+03
4.924072916166613140e+03
4.860948006780545256e+03
5.039874207756713986e+03
4.976943469686876597e+03
5.028482306601646997e+03
2.311486455788690819e+03
5.028099534175996268e+03
4.776276003400689660e+03
4.779080356884344837e+03
5.162445394157849478e+03
4.924775976232979701e+03
5.017558410409790667e+03
5.061063950903941077e+03
5.072747779711984549e+03
4.809406172129057268e+03
4.946645536497065223e+03
4.808292020843938190e+03
4.677925358623232569e+03
4.806550710348319626e+03
4.999921675187521032e+03
4.826893784734771543e+03
4.925915204445765994e+03
4.973795587710213113e+03
5.777698169455851485e+02
5.024857451076334655e+03
4.797487334191922855e+03
4.812923711254068621e+03
4.608224283534520509e+03
4.906816614719755307e+03
4.935204381753194866e+03
4.783065469967573335e+03
4.912114350686015314e+03
4.951441097243627155e+03
4.945501777552596650e+03
4.818531616242179553e+03
5.146279749299407058e+02
1.453335877054067396e+03
4.935557758549547543e+03
4.991859276226651673e+03
5.010483275698125908e+03
4.874136948723062233e+03
5.135259484489892202e+03
5.034542158276414739e+03
5.016845991138154204e+03
4.985266189796828257e+03
4.904313890539512613e+03
4.870508769987843152e+03
4.826933557701849168e+03
4.949825033035961496e+03
4.789290121225631083e+03
5.090492626974722043e+03
4.807970403017402532e+03
4.867254452823573047e+03
4.894660411844136434e+03
5.016763393664322393e+03
4.759508366781446966e+03
4.848452198143025271e+03
4.734280186291704013e+03
4.944165174478186600e+03
4.896908058861326026e+03
4.795680175323124786e+03
4.812312507172479854e+03
4.851943545046869986e+03
4.975305749824214217e+03
4.839208200344451143e+03
4.850296442373063655e+03
5.120133644275285405e+03
4.787596389036977598e+03
5.016214705035559746e+03
4.936639756866361495e+03
5.123724380263274725e+03
5.173901762313063045e+03
9.392192931168921177e+02
4.937082416621537959e+03
4.873275540868069584e+03
4.876533607223303989e+03
5.078351650736862211e+03
4.922928294384345463e+03
4.983031462887320231e+03
4.852138261348751257e+03
4.951117329887591950e+03
4.860947040543822368e+03
4.977304549146439967e+03
5.184384388940115969e+03
4.988687105494562275e+03
5.053719237742417135e+03
4.809854499436645710e+03
5.047243992900280318e+03
4.746000423221222263e+03
9.498755238952996933e+02
4.959578614537532303e+03
4.965470036403453378e+03
5.020660701646063899e+03
4.656776036101999125e+03
5.105158605448678827e+03
4.983695498463493095e+03
4.950159844951992454e+03
4.780176229283776593e+03
4.991155981637896730e+03
5.060083022054926914e+03
5.078864345052013050e+03
4.989380740083789533e+03
1.280104606488700369e+02
4.847703629792013999e+03
5.068021565034187006e+03
4.992044095236569774e+03
5.062552337626484587e+03
5.018220598771332334e+03
4.935869292900384607e+03
5.033648446690491255e+03
1.938467136451683928e+03
4.921747255935026260e+03
5.074135358649050431e+03
5.122543195011893658e+03
5.038893638557792656e+03
4.982389568691734894e+03
4.839498651131755651e+03
4.871076498063622239e+03
4.866028651362845267e+03
4.971506744777173481e+03
4.780827071932672879e+03
4.858837402395935896e+03
4.878893074280513247e+03
2.062311502302839472e+03
5.056887048830089952e+03
4.954632335608676840e+03
5.041430373521546244e+03
5.054368077077912858e+03
4.837683049912251590e+03
4.931227856927426728e+03
5.078528573605744896e+03
4.827053942651400575e+03
4.943884915133272443e+03
4.958783432819990594e+03
4.687635201828743448e+03
4.891495499321184980e+03
4.779954572126433050e+03
4.796805707671172968e+03
4.893044703384619424e+03
4.838116232288824904e+03
4.915734979099480370e+03
4.937575050714741337e+03
4.892460931103657458e+03
5.008985154894534389e+03
4.875630145907194674e+03
4.969841591196930494e+03
4.743316108229209931e+03
4.803706664258395904e+03
4.990216666397393965e+03
4.968566856142494544e+03
2.524668757401749190e+03
5.082393643371368853e+03
4.842722955975292280e+03
2.463205783567447270e+03
4.972394886506946023e+03
4.938695872968924050e+03
5.099459167119285667e+03
4.987430742736915818e+03
4.872288207374524973e+03
4.891833787446440510e+03
4.810522444615983659e+03
4.888406921522473567e+03
5.196321622858718911e+03
5.045969686900338274e+03
4.982687606911829789e+03
4.927959167716911907e+03
5.140294123281511020e+03
5.322678922642488033e+03
5.025663591950156842e+03
4.981397950023781050e+03
3.865394613152130887e+02
4.978177022510388269e+03
5.174099831568515583e+03
5.054997011299914448e+03
4.833071174750176397e+03
5.110794984718610976e+03
4.876612723762633323e+03
4.961416796957796578e+03
5.048676052089430414e+03
5.015366187327113948e+03
4.979797045890650224e+03
5.104049828373572382e+03
4.936313927737684935e+03
5.169217727206732889e+03
5.136788599905913543e+03
5.031794514433683617e+03
5.199988916180522210e+03
5.085809760109929812e+03
4.967530045770172364e+03
3.885494284067219269e+03
5.025835834414147030e+03
4.754181701810019149e+03
4.976493239562545568e+03
4.992355942970534670e+03
5.006268505056083995e+03
4.905391077589808447e+03
5.003628931760443265e+03
5.238955385722103529e+03
5.081256151773844067e+03
4.974198671506117535e+03
2.083981850001958662e+02
4.912333421008048390e+03
1.972697665052148750e+02
9.802563999628392821e+01
4.902298138247729185e+03
5.073755951552753686e+03
5.090511464390495348e+03
4.996982308712736085e+03
4.822569715712626021e+03
4.949166032236806132e+03
5.000161842602532488e+03
4.882239485605688060e+03
4.795040001511348237e+03
4.909912047259642350e+03
5.043060796342453614e+03
4.711513262628356642e+03
5.002945011032278671e+03
8.625344956415516151e+01
4.906176688814660338e+03
4.693988623658813594e+03
4.888825444424531270e+03
4.497910387913013437e+03
4.917681130166875846e+03
4.948512767668310516e+03
5.025186538541345726e+03
5.017057123740200950e+03
1.853967864754575601e+01
4.790455145145528149e+03
1.135630215540754335e+02
5.192026090315504916e+03
1.020448551904260315e+00
5.029597527074482059e+03
4.976095357248922483e+03
5.032714053031761068e+03
-2.390248928581146237e-01
-1.106582965235270111e+00
4.042164724512928586e+01
4.814556463034453373e+03
1.069497894121421268e+03
4.079609404105035537e+03
5.124660450049035717e+03
5.073084102586340123e+03
2.626848278584685659e+02
5.125627801726162943e+03
5.016902784633300143e+03
5.093269308562862534e+03
5.087541676217385429e+03
4.939374173024482843e+03
5.217480451621570865e+03
4.781635935056667222e+03
5.096085646827639721e+03
4.954817421173894218e+03
1.255960350767569338e+02
5.143249219669052763e+03
1.755375978553964842e+03
1.933903014589122336e+02
5.136454212428629944e+03
4.946196238855253796e+03
4.810319777825908204e+03
1.137246246557451883e+02
4.860587478337788525e+03
5.076393597150124151e+03
5.028286490824198154e+03
4.888009692146054476e+03
3.433829565351109636e+02
4.812826744517514271e+03
4.836910162676766049e+03
4.861785380479169362e+03
5.129610905305977212e+03
4.886127769912596705e+03
5.098539823271939895e+03
4.963445169691859519e+03
4.936222594449864118e+03
1.341044671550651231e+02
4.736147878354327077e+03
4.835320242941513243e+03
4.625009773248191777e+03
4.754596015084028295e+03
4.893447832305868360e+03
5.016197984476118108e+03
1.544183411615890122e+02
4.897083849997228754e+03
4.944229853814751550e+03
4.882755045632532529e+03
4.996778913600903252e+03
5.095010941334884592e+03
5.177653453089283175e+03
5.112881283753979915e+03
3.862874444657068125e+03
4.990150260215108574e+03
5.083118563039858600e+03
4.908340713683812282e+03
4.998481178802988325e+03
4.749555316401609161e+03
4.848214436038444546e+03
1.326748996841234529e+01
3.149872389339919465e+01
5.112193709531091372e+03
5.065399382162294387e+03
5.018839233379016150e+03
4.528771272492657829e+01
4.313448272316926335e+01
4.960540476664390553e+03
4.951654538535225583e+03
4.894917088988371688e+03
3.256589550149858042e+03
4.909430715790750583e+03
5.053703923007260528e+03
5.231792692370402619e+03
4.775874899981635281e+03
5.036062313571865161e+03
4.975790090007138133e+03
8.807190059045092312e+01
5.086081415185083642e+03
5.219150687947914776e+03
5.039254006554314401e+03
4.891612805350667259e+03
5.049971815745071581e+03
4.979288249860677752e+03
5.085797807017616833e+03
4.915386182461704266e+03
5.468888217514583516e+01
4.823108495092387784e+03
4.860263320100963938e+03
4.875370900573509061e+03
5.030570641142703607e+03
5.085769100293810880e+03
5.147545409116409246e+03
5.306535758106110734e+03
5.263280040766887396e+03
5.281856534567659764e+03
4.894462668138598019e+03
5.055601671047441414e+03
5.076276856040684834e+03
5.194542591654190801e+03
5.085805851615185702e+02
4.967044380818460922e+03
4.971986933104558375e+03
4.966244048449986622e+03
5.101500527362682988e+03
4.982690340156800630e+03
4.978744043159193097e+03
4.935768757034114060e+03
5.144680399439564098e+03
5.064587846730928504e+03
5.053064382697431938e+03
4.914275152872371109e+03
5.006816894216043693e+03
5.223593582021620023e+03
4.925645471533538512e+03
5.047748135796935458e+03
5.328373014379225424e+03
5.083741149184000278e+03
4.819344594544420943e+03
4.893753679651392304e+03
5.080205488654695728e+03
5.045591536124942650e+03
5.148854362891306664e+03
4.987821016831485395e+03
5.109743475467522330e+03
5.162757126680876354e+03
4.899865651201144829e+03
4.894335494437949819e+03
2.544041461298170503e+01
2.903302979342543949e+03
5.044579608258039116e+03
4.893977852244813221e+03
4.843112353462237479e+03
4.890065103139109851e+03
4.854527072688048975e+03
1.600434123715935755e+02
4.950007005420461610e+03
7.965965311108925562e+02
5.168453763955262730e+03
5.029140011997889815e+03
4.195497274053091274e+01
5.098559430129555949e+03
4.046388178167210754e+03
5.037345100739569716e+03
4.966127011133112319e+03
4.882687741078908402e+03
5.065702539264616462e+03
4.871636427236139752e+03
5.132672754158959833e+03
5.126895659662889557e+03
4.868711933972281258e+03
4.842986092882219054e+03
5.142566954388292288e+03
5.046333055906839036e+03
4.834527468394151583e+03
5.027361049488808931e+03
5.117715457124630120e+03
5.005560018615748049e+03
5.117527059758737778e+03
5.030972537710053075e+03
5.005567077880494253e+03
9.261236345402634740e+00
5.082423538913619268e+03
5.020058963062769180e+03
1.309314037151791865e+02
5.045511199432113244e+03
4.374361699770500422e+02
2.586707013470456218e+02
8.875334104667234669e+02
1.420359368596766103e+02
5.047739801070549220e+03
5.073282589829736025e+03
4.924057778988144491e+03
5.147214627435916555e+03
4.961970502446363753e+03
5.168667718064120891e+03
5.074672295212203608e+03
5.124286025439330842e+03
5.031577466047777307e+03
1.654849377421672045e+02
5.204565353037876775e+03
4.981381986151114688e+03
5.197122558704783842e+03
5.172108989953469063e+03
5.148568357863269739e+03
5.184729849646225375e+03
4.830182764390423472e+03
5.192794656473307441e+03
5.083886681525260428e+03
4.708116809036693667e+03
1.868985120617665245e+02
5.135484567786456864e+03
5.191378810314559814e+03
5.093890389731869618e+03
4.988581706925167964e+03
2.013827866539934064e+02
5.023959331338738593e+03
4.912807497168564623e+03
5.060770165284845461e+03
5.248673646246500539e+03
5.039332067196720345e+03
4.910030369865448847e+03
5.073644296285857308e+03
4.910355255614258567e+03
5.075318800814750830e+03
4.998868428583889909e+03
1.761924367432779377e+02
4.997830772514652381e+03
5.153760737198481365e+03
2.372841074769511351e+02
5.041573953938302111e+03
5.095662572937684672e+03
4.942296128895301990e+03
4.927235094024218597e+03
4.950052120539295174e+03
5.151836659406101717e+03
4.804791813189844106e+03
5.072854361790820803e+03
5.026624472370723197e+03
5.027389228544052457e+03
1.628467810810232095e+02
6.969965389331788401e+02
5.149449787313938941e+03
5.080961361155789746e+03
5.015899632989381644e+03
4.882405559393969270e+03
5.229598137707024762e+03
5.058533008251796673e+03
4.941191210655961186e+03
5.122597518994148231e+02
4.754875537638791684e+03
4.943164682513667685e+03
5.177482463057214773e+03
4.970797606765321689e+03
5.006434376312416134e+03
4.992127268237401040e+03
5.122254102291601157e+03
5.057366575123799521e+03
5.162916804175903962e+03
4.704731425644361479e+03
5.059918761814717982e+03
5.027798120955042577e+03
4.979670365567479166e+03
5.012390079768494616e+03
5.235263908141614593e+03
1.441300118986812038e+02
5.042496743527498438e+03
4.797730582240373224e+03
4.958645858207532910e+03
3.417982811670030515e+03
5.121453467628677572e+03
4.854101838049837170e+03
4.923628540693854120e+03
5.038739667947077578e+03
5.128453902324215051e+03
5.019720777326111602e+03
4.833244216299699474e+03
5.004364177090253179e+03
4.692738728055762294e+03
1.735367209081650344e+03
5.344397511725029290e+03
5.078354836244909166e+03
5.188119296080076310e+03
2.230297252396769920e+02
5.034535255108264209e+03
4.986077943667468389e+03
5.082021196573459747e+03
4.968885493016758119e+03
4.856733671856852197e+03
4.996094747675771032e+03
5.118036178268399453e+03
5.308467457545286379e+03
5.227661461442256041e+03
2.421763244009497953e+02
4.703002542275139604e+03
5.027342858899835846e+03
5.006179370039798414e+03
5.385069017311945572e+03
7.786763474577993804e+01
5.012888133366931470e+03
4.852399801469996419e+03
4.921808877204597593e+03
5.034376317755691161e+03
4.984215543530514879e+03
5.220615004931109070e+03
5.011289823393858569e+03
4.979482095187667255e+03
5.223967666735030434e+03
4.735008242186710845e+02
4.999489944048663347e+03
4.927816879234954285e+03
4.943610734728399621e+03
4.965960485115401752e+03
5.026292197606465379e+03
5.032663549336643882e+03
1.649944558128659082e+02
4.920280832110629490e+03
4.954919864950058582e+03
2.408947489281270862e+02
4.971643315737701414e+03
4.771341174384965598e+03
1.523362880145326699e+02
5.041508258015514912e+03
4.965014411899541301e+03
2.717000851673939223e+02
4.915675636632757232e+03
4.926699202863091159e+03
5.403838018003028083e+03
5.188719914643719676e+03
5.240637881501752418e+03
2.088302803904070970e+02
1.866961749340185293e+02
5.157208603976393533e+03
2.445464839503368069e+02
4.990088536756210488e+03
1.621910701496840943e+02
3.308853337752292191e+03
3.617409335001763537e+01
5.073399620223665806e+03
3.240485786943273716e+00
2.111079711296479786e+02
5.080908789196921134e+03
4.708997598061700046e+03
1.941252147501529066e+02
4.967334228014791506e+02
4.989325826727829735e+03
4.909503892427068422e+03
5.127964565790349297e+03
5.163813480068833996e+03
5.150915846350825632e+03
4.952733185886230785e+03
5.000804640069830384e+03
3.408661751433784843e+02
1.183589323777347424e+01
5.285462705698963873e+03
-4.002411640709792273e+00
5.183630420892774964e+03
5.179460678199104223e+03
5.286581823690603414e+03
2.547487274366854422e+02
5.203121045258892082e+03
5.130830408962078764e+03
5.070886382818440325e+03
4.995046937973682361e+03
5.285959543668568585e+03
5.056744023390537222e+03
5.332208564137208668e+03
5.222067937585999061e+03
5.119672479505444244e+03
4.899040190175520365e+03
5.252563750426676052e+03
5.140163991830148916e+03
5.103984520593717207e+03
5.140497457163145555e+03
1.803548592641433004e+02
5.395704071027863392e+03
4.930228511317578523e+03
5.194914982084354051e+03
5.159201567244657781e+03
1.830554179911443669e+02
4.679925501729957773e+02
5.164399058008940301e+03
4.995550350439771137e+03
5.002888232566113402e+03
1.978981528760567414e+02
5.168508587152459768e+03
4.890373331910885099e+03
5.099391749869827436e+03
5.167100411088328656e+03
5.128501291292466703e+03
8.658255069307392660e+02
4.902684350913747039e+03
5.088999882432698541e+03
5.220030122456505524e+03
5.049791637123809778e+03
5.390212971605123130e+03
5.004168086054421110e+03
5.048973655265576781e+03
5.011328025570403042e+03
5.162109924588753529e+03
5.275416683626113809e+03
5.018604560987126206e+03
5.071558489128463407e+03
2.923797412523297794e+02
5.205910507091445652e+03
5.219804841702732119e+03
5.187535099099265608e+03
5.270776588239768898e+03
4.861520617107485123e+03
5.024533360255972184e+03
4.948368725541730782e+03
5.006518779818681651e+03
5.009186788471091859e+03
5.163063368197554155e+03
1.050132159201758896e+03
3.506156988484828503e+02
4.958229813589874539e+03
5.322050346971063846e+03
5.192572679569466345e+03
5.140421134427494508e+03
5.124871756862643451e+03
5.326092284127969833e+03
1.564663237959877961e+03
5.113076672459661495e+03
5.153785087225437564e+03
5.145005378991437283e+03
5.358863130375699257e+03
5.343140853760417485e+03
5.263845797845793641e+03
5.100786383804124853e+03
5.269686372878291877e+03
5.376181816553843419e+03
5.330782427434748570e+03
2.649997371678563809e+02
5.307991608810465550e+03
5.263042509479917499e+03
5.287301038398123637e+03
5.223355624373387400e+03
1.785631627176991003e+02
5.106739917493738176e+03
5.154257966729535838e+03
1.924542775934445729e+02
5.009178422767178745e+03
5.246251895360433082e+03
4.990636521609898409e+03
5.015022332962565088e+03
5.276392548887529301e+03
5.132589795208502437e+03
5.357138503590688742e+03
5.186637955092147422e+03
5.231059602948564134e+03
5.258896635171181515e+03
5.196772927900739887e+03
5.046998336243622362e+03
5.123479106716915339e+03
5.282807999560049211e+03
5.218343528827659611e+03
5.180975677610094863e+03
5.377458869260721258e+03
5.402440417207895734e+03
5.154929620765964501e+03
5.278673662507309928e+03
5.185867449950827904e+03
5.272646675442196283e+03
5.372122619250822936e+03
5.455479667250997409e+03
5.229002595671253403e+03
5.056503983658431025e+03
4.960352018216587567e+03
5.056595431082825598e+03
5.098520117061502788e+03
5.116907814574991789e+03
5.189730041329509731e+03
5.093019340482804182e+03
5.250301988513100696e+03
5.097681204024042017e+03
1.468251147615229968e+02
5.233707947710049666e+03
5.237899990313419949e+03
3.369039160453840509e+02
5.281865518536356831e+03
5.234201131575008731e+03
4.997876648507141908e+03
5.055622459282350974e+03
9.690107706082278582e+01
5.245989941227331656e+03
5.059446692028850521e+03
5.409571545901081663e+03
2.494290641503887684e+02
5.045447706867960733e+03
1.373345127306764653e+02
4.480021270046104860e+02
1.236180088417137029e+02
4.969593848236709164e+03
5.093929150349161318e+03
9.284968583447174240e+01
5.171964416989816527e+03
5.379826038246559619e+03
5.263083317579391405e+03
5.379339884948199142e+03
4.994162356420353717e+03
5.198099478833362809e+03
5.286489692142841704e+03
5.235688288626929534e+03
5.524351850272972115e+03
5.220033525552395076e+03
4.928260185865591666e+03
5.280587733206471967e+03
5.095857107103191083e+03
2.951992577316638631e+02
5.238777296842571559e+03
5.048766841830943122e+03
5.361856253209815804e+03
5.376145497972205703e+03
5.344176492754856554e+03
4.969333135067144553e+02
5.061125033434892430e+03
5.265563312574724478e+03
5.274462482988133161e+03
5.287406752065464389e+03
4.870430343224225908e+03
5.326571491164461804e+03
5.376008861505823916e+03
5.432200586534346257e+03
3.565634186934662466e+02
3.544773732067979381e+03
5.269660953481372417e+03
5.384883431493294665e+03
5.259822093465625585e+03
5.303636191646480256e+03
5.471793064154497188e+03
5.279547308780557614e+03
5.155774942589740931e+03
4.616186426458938286e+02
5.358382298966604139e+03
5.364798093282266564e+03
5.192916482449050818e+03
5.170232371996205984e+03
5.278398243861004630e+03
5.109746334612248575e+03
5.138411956589503461e+03
5.295139101894141277e+03
5.263737278244846493e+03
5.391201959796634583e+03
5.190283946629613638e+03
5.193194133438229983e+03
5.294323118874167449e+03
5.223426392652737377e+03
5.048193899638176845e+03
1.576471280198555007e+02
5.129151233178920847e+03
5.182082847846348159e+03
5.118842416782195869e+03
5.326842011237102270e+03
5.383216881642804765e+03
5.146786270274084018e+03
1.004884451660741433e+02
4.909617603622712522e+03
1.726160262574584067e+03
5.146547807659867431e+03
5.215174528527410985e+03
5.280905724699933671e+03
1.447664322474963683e+02
5.093044622140180763e+03
5.311917203757127027e+03
5.325837192709824194e+03
5.417158703443135892e+03
5.264515663943203435e+03
1.162973649813758072e+02
5.122162178419662268e+03
5.309910780238983534e+03
5.283160295661743476e+03
5.185451032464055061e+03
5.114170941124302772e+03
5.220955680269755248e+03
5.304351640165878962e+03
5.302080861702025686e+03
5.120290738628278632e+03
5.319995669698906568e+03
4.500228472294003950e+03
5.279352537399889115e+03
5.125338579714797561e+03
5.005565122074873216e+03
5.087651814343012120e+03
5.358556157334051932e+03
5.289742529301358445e+03
5.435274653768875396e+03
5.105913670259818900e+03
5.352732245774566763e+03
5.270601114174874056e+03
5.111234842486427624e+03
5.216371389964660921e+03
4.973945553758344431e+03
5.120904313485718376e+03
4.855142878322953038e+03
1.024792792059279805e+02
5.375227166122036579e+03
1.079647457478278767e+02
5.183595157839374224e+03
5.226238237540178488e+03
5.398436120416290578e+03
5.141323647371207699e+03
5.171984217572845409e+03
1.254087679392244183e+02
5.264427901661919350e+03
5.108807929542489546e+03
5.261714185360278861e+03
2.888779801316582621e+02
5.438937889400523090e+03
5.145871472910368539e+03
5.446790130174103069e+03
5.315593018522105012e+03
2.102362949597739714e+02
5.313112070521211535e+03
5.270811499135515078e+03
5.356868083345263585e+03
5.278107242566104105e+03
1.101054539394793181e+02
5.403522439516446866e+03
5.204418917851490733e+03
5.308807936875458836e+03
2.762556252254230458e+02
5.405434344192508433e+03
5.402365157019647995e+03
5.306571606579483159e+03
5.297452194793717354e+03
5.414201473944517602e+03
5.261070034693936577e+03
5.355956399156471889e+03
5.139194344848307992e+03
5.258202694427952338e+03
5.267385377205929217e+03
5.317814807885768460e+03
5.480158449561216912e+03
5.274111114987575093e+03
5.222906270129982659e+03
5.280720085558901701e+03
5.135362269859756452e+03
5.178668120154455210e+03
5.395746257682983924e+03
5.213602263348700944e+03
5.235624587184914162e+03
5.323482560287101478e+03
5.140675697673794275e+03
5.209307514856733178e+03
5.242082273837318098e+03
5.396924521588215612e+03
5.353880880832703951e+03
5.223065263877805592e+03
5.087088734979088258e+03
2.916276440443950833e+02
5.143971583679020114e+03
5.193350329380241419e+03
5.262125026510451789e+03
5.001719623231219884e+03
5.417216692682313806e+03
5.257489647047605104e+03
5.344256274101322560e+03
5.165307346366522324e+03
5.307723458635534371e+03
5.181138626881713208e+03
5.280962071472623393e+03
5.410655633628534815e+03
5.476565722242426091e+03
5.331214752500553914e+03
5.414176344309754313e+03
5.308142970214088564e+03
5.365669595796163776e+03
5.254186458869042326e+03
5.273796921287222176e+03
4.996908429152255849e+03
5.093000482615462715e+03
5.242101764744109460e+03
8.676575222249543913e+02
5.356325531727032285e+03
5.462687944805365078e+03
5.420134122964944254e+03
5.488374542607312833e+03
5.187145921704700413e+03
5.392157035474840086e+03
5.423566326448519249e+03
1.279991082181315051e+03
5.181943015252136320e+03
5.395413100533759462e+03
5.053930543204181049e+03
5.380199066408229555e+03
5.237271904018978603e+03
5.126429652628092299e+03
5.121989247675221122e+03
5.279368895962352326e+03
5.260765001344350821e+03
5.130498601951218916e+03
5.087473326936464218e+03
5.411570107353435560e+03
5.266554892041203857e+03
5.341299399827890738e+03
5.097039418588267381e+02
5.246921399652334003e+03
5.321272729029589755e+03
5.598267095685590903e+03
5.451329513315035911e+03
5.282793162393189050e+03
4.251348011446480086e+03
5.172397352437739755e+03
5.530981787658392932e+03
5.256438235315854399e+03
5.319607030726700941e+03
5.043014723492963640e+03
5.178893720089025919e+03
5.278380246761072158e+03
5.329021924718618720e+03
5.437363325817414989e+03
5.259581406948303993e+03
2.178747089466151294e+02
2.820710785919497994e+03
5.172446333804074129e+03
5.406199603102569199e+03
5.233580837202749535e+03
5.274165051597535239e+03
5.396673963452788485e+03
5.267874984284819220e+03
5.489007882677256021e+03
5.176704121164621938e+03
5.192518123444952835e+03
4.997897226626426459e+02
5.299555453910965298e+03
5.223541989601042587e+03
5.202969424122044074e+03
2.467049780951878546e+00
2.177148137423003504e+00
-2.076695431770766476e+01
4.525215205594440349e+00
7.439141489053727518e+00
9.469913383640050597e+02
5.218445652251655702e+03
5.102295548932947895e+03
5.143944180617482743e+03
4.998013024494993260e+03
5.213798935725672891e+03
5.312102520445283517e+03
5.336092862481231350e+03
4.891918337696046365e+03
5.338200122879952687e+03
5.236472144511730221e+03
5.089156220737800140e+03
5.057070078691754134e+03
5.170078561498550698e+03
5.341883898142185899e+03
5.303009759524963556e+03
5.349469705106852416e+03
5.280702648827624216e+03
7.270068417357681483e+02
5.318740964637994693e+03
5.195096715952341583e+03
5.276667635996925128e+03
2.833777163497185938e+03
5.387046911293655285e+03
5.246155116863177682e+03
5.318003746494927327e+03
5.434732955179240889e+03
5.590855769746999613e+03
5.405991887033392231e+03
5.346121322360182603e+03
5.283523635686732632e+03
5.293789860574639533e+03
5.200614354835362974e+03
5.532836643123726390e+03
5.450139500992597277e+03
5.358872592790714407e+03
5.528738452668848367e+03
5.377971148149714281e+03
5.234222887486216678e+03
5.599403032838965373e+03
4.904125497342196468e+03
5.356058032583683598e+03
5.338454131435772069e+03
5.500149680856282430e+03
5.199221117768158365e+03
5.326713670445313255e+03
5.419463874111659607e+03
5.329366148718862860e+03
4.864943853172168247e+02
5.380672817208078413e+03
5.392409018587306491e+03
5.272921186243403099e+03
5.473676873182759664e+03
5.409653150455013019e+03
5.595509509603743936e+03
5.404172218258228895e+03
5.289226659148996077e+03
5.616322936384136483e+03
5.374988713948825534e+03
3.267474316028260546e+02
5.264687623737530885e+03
3.653288396542453711e+02
5.237661420673928660e+03
5.523983774133666884e+03
5.421922778077199837e+03
5.291421694168554495e+03
5.172323461421668071e+03
5.400017271978529607e+03
5.275523383404443848e+03
5.362327673892927123e+03
5.406739122837267132e+03
5.550495798688603827e+03
5.672974668397353526e+03
3.679146259534293677e+03
5.329755577315605478e+03
5.288150727726033438e+03
5.480526723272438176e+03
2.288378024608974101e+03
5.397096045801119544e+03
5.323403585189949808e+03
5.056179577442626396e+03
-1.080401274509165788e+01
4.668732760049635544e+03
-3.208794916636410477e+01
-3.125849389717517113e+01
3.652431489426450462e+00
4.182346119876172708e+01
4.840158713246637490e+01
-1.990141874489881779e+00
1.173933837799736324e+02
4.831234795729846155e+03
4.760874999564558493e+03
2.157620136088601370e+01
-3.604259569620030845e+01
4.800939929921438306e+03
4.862311512496928117e+03
5.169091842731304496e+03
5.325228630788483315e+03
5.277109475638661934e+03
2.577243681093815439e+02
5.163198301801173329e+03
5.153113892493246567e+03
5.405927984214017670e+03
5.190289568723633238e+03
5.528295583597919176e+03
3.737315957746018853e+02
5.280337430889533607e+03
3.956848342367597411e+02
5.449837824679360892e+03
5.444054469884864375e+03
5.457022636754349151e+03
5.343251229513882208e+03
6.722164245255721653e+02
5.318266102025651890e+03
5.757347104477324137e+03
5.313669551797362146e+03
5.419519143394311868e+03
5.406331978712549244e+03
3.759319109860099388e+02
5.317613648178083167e+03
3.473167457661002686e+02
5.282614270837455479e+03
5.554467187397393900e+03
5.386017292086145062e+03
5.335023540668506939e+03
3.851814566671413331e+02
5.276808171255827801e+03
5.475600859694436622e+03
5.265585317283983386e+03
1.878277126877634828e+03
5.304620145916069305e+03
5.446551144411763744e+03
5.442800553526548356e+03
1.088637127767162269e+02
5.022160973346100036e+03
5.360795951192475513e+03
5.530972132575298019e+03
5.498799884529597875e+03
5.360939295111520551e+03
5.527307623078751021e+03
5.161903485889870353e+03
5.147771818717263159e+03
5.346036695291535580e+03
5.299167681382449700e+03
5.534874843736701223e+03
5.405872758074442572e+03
5.433546709287090380e+03
5.242506481031188741e+03
5.940224403850496628e+02
5.359845029896455344e+03
5.443464339707489671e+03
4.377742569635540235e+02
5.287549441456479144e+03
5.209362678651640636e+03
5.448462991797930954e+03
5.277633501030110892e+03
5.165157477936974828e+03
5.452312421771314803e+03
5.372745207255249625e+03
5.325662238945657009e+03
5.312226208037203833e+03
5.323311589878373525e+03
4.883492974475012488e+03
5.360427768889372601e+03
5.154008588496312768e+03
5.381736148547147423e+03
5.369959975951504930e+03
5.213034881967644651e+03
5.254148772195086167e+03
2.730137660109593867e+02
5.506741644013976838e+03
5.383161412876419490e+03
5.296785637005973513e+03
5.399009047765885043e+03
5.345388256171736430e+03
5.423618296443564759e+03
5.251082921885787982e+03
5.054275412604853045e+03
5.327330043610495522e+03
5.364729270626036850e+03
5.287211371149805018e+03
5.420315051444302298e+03
5.065428918802876069e+03
5.321164468473323723e+03
5.434140362008451120e+03
5.452128194054276719e+03
5.019234543499120264e+03
5.136313387357306965e+03
5.253321309826593279e+03
5.235433616718616577e+03
5.331233356828856813e+03
5.443005320814301740e+03
5.424672100200292334e+03
5.218194912519506943e+03
5.362317347194422837e+03
5.341571484703454189e+03
5.445074403804923350e+03
5.224908737142912287e+03
5.442286506368752271e+03
5.251168156641691894e+03
5.388744911142785895e+03
5.231276984570713466e+03
5.341726553345476532e+03
5.463456242169923826e+03
5.344099984480395506e+03
5.369999997131320015e+03
5.362638430768673970e+03
5.204229723320633639e+03
5.433193029922564165e+03
5.429823665202906341e+03
5.249610357468121038e+03
5.218800198567577354e+03
5.328994629428315420e+03
5.314351647088141362e+03
5.386560657279772386e+03
5.269116561118349637e+03
5.368502746934946117e+03
5.292332792944266657e+03
5.229868766578814757e+03
5.274403251891120817e+03
5.195758852700395437e+03
5.245867627843413175e+03
5.373835407038486665e+03
5.443887953093571923e+03
5.412030957216084971e+03
5.331109832750094938e+03
5.287388870498648430e+03
5.227614545293240553e+03
5.348645208581601764e+03
5.404262782831769982e+03
5.582132492395620829e+03
5.358030356698557625e+03
5.455305055135029761e+03
5.301567870612949264e+03
5.330381915770744854e+03
5.413898578258560519e+03
5.463326309855196087e+03
5.414933991185236664e+03
5.662718566584641849e+03
5.311594390247782030e+03
5.458437042003151873e+03
5.476602206656033559e+03
5.447996236252273775e+03
5.530756911453788234e+03
5.255539289043324970e+03
5.428444977404244128e+03
5.359372364837842724e+03
5.508502462822379130e+03
5.443554905745576434e+03
5.370219488060904951e+03
5.467623112642060732e+03
5.625173908192411545e+03
5.583828519846872950e+03
5.564947981379620614e+03
5.432481148455492075e+03
5.185132857639193389e+03
5.527844108347650945e+03
5.331181266472373864e+03
5.549960032703003890e+03
5.289829543617896888e+03
5.528677321434427540e+03
5.363370542937612299e+03
5.547920485585374990e+03
5.241474092344001292e+03
5.378219084597711117e+03
5.438572250784124662e+03
5.678609273156042036e+03
5.516839657355787494e+03
5.504790261300794555e+03
5.289340771204472730e+03
5.411553036987509586e+03
5.582154002528638557e+03
5.489208508110124058e+03
5.554135127325554095e+03
5.408331451317088977e+03
5.529650084361402151e+03
5.339675675821667937e+03
5.619057827183912195e+03
5.285832574593429854e+03
5.345239748960355428e+03
5.545785477558482853e+03
5.591788642036758574e+03
5.380005902316987886e+03
5.468955410504797328e+03
5.319380805055826386e+03
5.464910674300033861e+03
5.534974297252833821e+03
5.481925127563402384e+03
5.391784456702827811e+03
5.320852679400880334e+03
5.528033361573922775e+03
5.214294918206787770e+03
5.250729057369998372e+03
1.114177649497474704e+03
5.202376889996948194e+03
5.403208669278267735e+03
5.469507698936292400e+03
5.277683776639936696e+03
5.524742664948746096e+03
5.245059628733708450e+03
5.463074976310057536e+03
5.260726031957495252e+03
5.391597185492204517e+03
5.425025008774196067e+03
5.389509905206092299e+03
5.510903902876639222e+03
5.337761486304893879e+03
5.374665516956982174e+03
2.338623377953274769e+02
3.756527806665228582e+02
5.281205277871956241e+03
5.517801616013225612e+03
5.525593630310940171e+03
5.577441482846435974e+03
5.301225137812237335e+03
5.362315598210387179e+03
5.509962238095171415e+03
5.481452262191138288e+03
5.410578290870912497e+03
5.654597175199311096e+03
5.532930033889385413e+03
5.449812951198929113e+03
5.446924064583734435e+03
5.575074040230613718e+03
5.672988237399051286e+03
5.404359867268532071e+03
5.442411917967246154e+03
5.482447240021682774e+03
5.547987206116157722e+03
5.566203013816021667e+03
5.510013668899875483e+03
2.598235459307703650e+02
5.651421415216149398e+03
5.486769489175358103e+03
5.408569695873661658e+03
5.543396658216354808e+03
8.451356557767561526e+02
5.531564629214316483e+03
2.759393330201345975e+02
2.519153370016859128e+02
5.441526340953976614e+03
5.407444717372830382e+03
5.179743159300271145e+03
5.313363766428238705e+03
6.205264525932484503e+02
5.464565530216417756e+03
5.286557054196938225e+03
5.351554774362400167e+03
5.435231554719843189e+03
1.086222945768901809e+03
5.458041457371251454e+03
1.955713772737806266e+02
1.040462381211268848e+03
5.477705836202829232e+03
5.347193940941491746e+03
2.262552229786677742e+02
5.197976810711478720e+03
1.601703937135188767e+02
5.603635801771111801e+03
5.617237313114638710e+03
5.507713243207781488e+03
5.693059329782431632e+03
1.767304241140082013e+02
5.632202796768501685e+03
5.612564396686175314e+03
5.480834722743597922e+03
2.547011506821972091e+02
5.425547667399153397e+03
5.702350588490044174e+03
5.460678633928533600e+03
5.493927883047134856e+03
5.417568115673401735e+03
5.538226792795047913e+03
5.462163349214924892e+03
5.300217927895701905e+03
5.611898457306577257e+03
5.563988857748596274e+03
5.738913115803242363e+03
5.573606487613280478e+03
4.531731801171294478e+02
2.791353785423764293e+02
5.570639349718381709e+03
5.505418159392125744e+03
5.489805204035054885e+03
5.454531051293876772e+03
5.563141177009065359e+03
5.591148746733355438e+03
5.651917671440719459e+03
5.666330683396041422e+03
5.384528503735530649e+03
5.500964520154323509e+03
5.551646797268815135e+03
5.431362343959279315e+03
5.548014447917674261e+03
5.441698766362063907e+03
5.466750128988319375e+03
5.617093054290175132e+03
5.327825237845086122e+03
5.740239362679582882e+03
5.451613714666952546e+03
5.459321722015309206e+03
5.518167401980507748e+03
5.650776461782715160e+03
5.587231006957112186e+03
5.558380310322467267e+03
5.357861617347889478e+03
5.403944401164601004e+03
5.600944695254775070e+03
5.460277050047046032e+03
5.652150138394717942e+03
5.529286248097743737e+03
5.612028862773852779e+03
5.470131141915180706e+03
5.444690236071072832e+03
5.551910868021638635e+03
5.688413805583940302e+03
5.605378328300871544e+03
5.581539195034773002e+03
5.637452667568536526e+03
5.731810994384674814e+03
5.586256863357224347e+02
5.579843979508466873e+03
5.359821640582292275e+03
5.416759010104558911e+03
5.549125703080090716e+03
5.464363196579459327e+03
5.489660404507698331e+03
5.536323339580527318e+03
5.696558386098348819e+03
5.379335776899110897e+03
5.575806103671577148e+03
5.528182857284598867e+03
5.404921549051433431e+03
5.547151353888891208e+03
5.742267235995652300e+03
5.528943848327367959e+03
5.499363818799608453e+03
5.300361855222055965e+03
5.377446500261597066e+03
5.598953859214169825e+03
5.503385489919791326e+03
5.449442746595331300e+03
5.429647512230531902e+03
5.828382513243868743e+03
5.615927412778882172e+03
5.555627689723974981e+03
5.398499150967221794e+03
5.540885781099937958e+03
5.644477718791242296e+03
5.531582209833946763e+03
5.590681354276935053e+03
5.668832267771518673e+03
5.479528795711963539e+03
5.505845581736372878e+03
3.255470965595860662e+02
5.707395358787963232e+03
5.557689872296352405e+03
5.519905376229831745e+03
5.483497744983820667e+03
5.473627361064627621e+03
5.351133238364915996e+03
5.457791235601423978e+03
5.571057911125263672e+03
5.593106431500366853e+03
5.628451401248368711e+03
5.350290525064988287e+03
5.698605393657880086e+03
5.569147061710766138e+03
5.658711715871957495e+03
5.543750343665011314e+03
5.651615454739155211e+03
5.338250453462312180e+03
5.362823626228356488e+02
1.941279005491032592e+02
5.421136612165546467e+03
1.571221728403989744e+02
1.498102366271512835e+02
5.717376701514530396e+03
5.465153700524527267e+03
5.527998338004395919e+03
5.337042979015198398e+03
5.598060567227318643e+03
5.572938552843183061e+03
5.666740691273066659e+03
5.375691031763809406e+03
5.602077777745495951e+03
5.356811366437143079e+03
5.480302869914993607e+03
5.707731270812052571e+03
5.460666133662643006e+03
5.413699881114075652e+03
5.737521471394033142e+03
2.606498696664821750e+02
5.410994136406295183e+03
5.544184675932139726e+03
5.589958342192058808e+03
3.312853475862075356e+02
5.296158609727159273e+03
5.511986035217108110e+03
5.578542821943061426e+03
5.532374440611147293e+03
5.716867384745653908e+03
1.622604597612997424e+01
5.356551752126751126e+03
5.592435441224783972e+03
5.519100560317718191e+03
5.173371288129880668e+03
5.511575999982253961e+03
5.389942130057042959e+03
5.306704610747825427e+03
5.459587332205343955e+03
5.430158418254769458e+03
5.597585985371997594e+03
5.556259894254238134e+03
5.719562850855713805e+03
5.459248601465951651e+03
5.413160869974422894e+03
5.581808962186695680e+03
5.253087686392380419e+03
5.314163722356932340e+03
5.532810983999783275e+03
5.522348265554407590e+03
-1.123229603834769819e+01
-9.251289299834843050e+00
5.255522342588148604e+03
5.553576174921766324e+03
5.416906335240429144e+03
5.580579605456624449e+03
5.738829511376353366e+03
5.645226507175836559e+03
5.549474865594668699e+03
5.572277653167046083e+03
5.613375997547708721e+03
5.616648485912309297e+03
5.546421860889194249e+03
5.582270052276603565e+03
5.529603689220134584e+03
5.566669491425762317e+03
5.618588532450283310e+03
5.265117988374279776e+03
5.534733890770793550e+03
4.761180758776934454e+03
5.366354428473453481e+03
2.628658953302880832e+02
5.446252227353263152e+03
5.500769628130405181e+03
2.625489043315743061e+02
5.607274728453154239e+03
5.654594184013789345e+03
2.303208874876597463e+02
5.552473016884116987e+03
5.568209438344840237e+03
5.622822685077594542e+03
5.488447174803954113e+03
5.433014473102739430e+03
5.585927249737715101e+03
5.694673607920421091e+03
5.531217452648148537e+03
5.637490691773584331e+03
5.517537376635506917e+03
5.743610418462626512e+03
5.433747918593179747e+03
5.562837877873333127e+03
4.371560406749476897e+03
5.414926688907761672e+03
5.819987025992952113e+03
5.471895094537680961e+03
5.466130425642544651e+03
5.500630335328874025e+03
5.529410046901565693e+03
5.781049271579991000e+03
5.619760889257863710e+03
5.431351916317276846e+03
5.380167231327503941e+03
5.468610844226850531e+03
5.488337429910296123e+03
5.398211951331956698e+03
5.624290871689813684e+03
5.676817050653067781e+03
5.655441564078686497e+03
5.515782129178186551e+03
5.632730135397655431e+03
5.585803342256563155e+03
5.489293905099915719e+03
5.527051504236347682e+03
5.656157318494483661e+03
5.642360753131136335e+03
5.717421828518473376e+03
5.343726586411329663e+03
5.630311710997501905e+03
5.706620506092189316e+03
5.558748061632452846e+03
5.510771375378626544e+03
5.623361472164258885e+03
5.762617676391133500e+03
5.545953691455963053e+03
5.633512586067953634e+03
5.670174450120075562e+03
4.108855736774833531e+03
5.610883362865520212e+03
5.376629982562883924e+03
5.577602016716842627e+03
5.652963277315484447e+03
5.597439732835292489e+03
5.606730677885903788e+03
5.359619097309158860e+03
5.743159253150759469e+03
5.647151824027849216e+03
5.587821033534014532e+03
5.686211337567386181e+03
5.672653655614277341e+03
1.776302173917138703e+02
5.667629002853987913e+03
5.292632678589252464e+02
5.600059002654126743e+03
4.983723184605001734e+03
5.695268865741030822e+03
5.613934568134011897e+03
5.420355140585857043e+03
5.559882290576366358e+03
5.537362682863315968e+03
5.532255846676817782e+03
5.376543619982781820e+03
5.658163148630700562e+03
5.520651241528611536e+03
5.496384675755460194e+03
5.606133113313176182e+03
5.583987298019947048e+03
5.462491123475188942e+03
5.602231723320040146e+03
5.456964848466433068e+03
5.659549804160347776e+03
5.603953419336445222e+03
5.521387930172795677e+03
5.675238838568622668e+03
5.599091068464077580e+03
5.696034010480149846e+03
5.592403636608148190e+03
5.606633615397868198e+03
5.511659594603658661e+03
5.543775635057401814e+03
5.685792879978020210e+03
2.865177326759821312e+02
5.774867353730983268e+03
5.520642100386681705e+03
5.580437881994062082e+03
2.929905711753544892e+02
5.617849048569340084e+03
5.524734621986916864e+03
5.461919642908144851e+03
5.543063587099787583e+03
5.572415247458352496e+03
5.631566671649917225e+03
5.391273906905959848e+03
5.476346078198231226e+03
5.511389651543157925e+03
5.740087859834487062e+03
5.474722050250044049e+03
5.437775615711554565e+03
5.431975489289266989e+03
5.566684311760729543e+03
5.574557529390018317e+03
5.656237327973552965e+03
5.538925838493662923e+03
5.542972129991158909e+03
5.540926501558576092e+03
5.458681441354230628e+03
5.719873224527089405e+03
5.380354680663475847e+03
5.550904122657825610e+03
5.556052804741722866e+03
5.364381842434841928e+03
5.359727518732395765e+03
1.217098020105411749e+01
-3.320078674554776121e+00
7.588588078036945461e+00
5.391425411368482855e+03
5.654682068329362664e+03
5.534899096723266666e+03
2.206591569422761836e+02
5.714595139111254866e+03
5.359758477407906867e+03
5.462097841103215615e+03
5.213044881368357892e+03
5.636599948643236530e+03
5.436762008031199002e+03
5.429166412256025069e+03
2.807692858625924259e+02
3.279755754424953125e+02
5.699034904130418909e+03
5.519070374244593950e+03
3.833810967227190645e+02
2.742011321945574878e+02
5.593395041253754243e+03
5.529458212998567433e+03
2.369220462522480659e+02
2.610018000419560167e+02
2.923581547540281349e+02
2.525684737006973251e+02
5.706172289598412135e+03
2.860659649563081643e+02
4.595677825494685749e+03
5.542891873527651114e+03
5.324500577288752538e+03
5.548896632795884216e+03
5.567143173757707700e+03
5.485427312624599836e+03
5.315080704271111244e+03
5.436717350989327315e+03
5.462864095748517684e+03
5.481178300041366128e+03
1.400611566639308307e+02
5.684525209680782609e+03
5.625842686677741767e+03
5.569336745762468126e+03
5.599867037743599212e+03
5.511979147331988315e+03
5.728724184317171421e+03
5.612647087889498835e+03
5.627580245062014001e+03
5.553932837427657432e+03
5.623223428469792452e+03
5.615295539746840404e+03
5.620978484082298564e+03
5.718400934830753613e+03
5.585016014766178159e+03
5.864492260806795457e+03
2.389810718353136963e+03
5.567869503643819371e+03
5.774275087867094044e+03
5.582011174424936144e+03
5.242566331687350612e+03
5.544568189333289411e+03
5.608445945943911283e+03
5.617626234503677551e+03
5.630128930257545107e+03
5.557794501231450340e+03
5.669991071972334794e+03
5.280468431535995251e+02
5.637377345437418626e+03
5.758355606024551889e+03
1.217494671248744993e+02
5.409875169062860550e+03
5.577191569269906722e+03
2.233843343173595883e+02
5.593382344154571911e+03
5.630672741616344865e+03
5.800525422870277907e+03
5.672687959065000541e+03
5.677661124369712525e+03
5.642943680511628372e+03
5.473493964889839845e+03
5.571705549008962407e+03
5.443925783691622200e+03
5.642956266540810248e+03
5.700316635754242270e+03
5.609745122012889624e+03
5.527976499744190733e+03
5.616399463832076435e+03
5.618401866565979617e+03
5.704492397919959330e+03
5.497877741839124610e+03
5.696503838240883852e+03
5.681854017587671478e+03
5.678400519840112793e+03
5.536004285712147066e+03
5.700447938479316690e+03
5.533538436333622485e+03
5.722193326333705045e+03
5.618754106515963940e+03
5.676576413670796683e+03
5.631210623100269004e+03
5.229678649470738492e+03
5.613872985694375529e+03
5.652562155515718587e+03
5.421922362797658025e+03
5.521578367840240389e+03
5.371587786406798841e+03
5.744654787067745019e+03
5.725814081656473718e+03
5.654339007090259656e+03
5.360851602697961425e+03
5.624725935240159743e+03
5.494133058209607952e+03
5.666555159641229693e+03
5.662668698963138013e+03
5.716027225512850237e+03
