1.032845433234554235e+02
3.938428453354347880e+00
3.422285280760644923e+02
9.905140478239121649e+01
1.455191486997580341e+02
1.638289217890584553e+02
-4.913776901255338316e+02
-6.837230167448952045e+01
8.073331797539259469e+01
3.616440483676956774e+03
1.150278919057162784e+04
9.702148254316020029e+03
1.174522973406228812e+04
1.130233833720492294e+04
1.156752829867159744e+04
1.210335239968519272e+04
1.228785692660798304e+04
1.211493383725021704e+04
1.458432533282794793e+04
1.292678673505724328e+04
1.300805906807130486e+04
1.272975397267623703e+04
1.039818028382030025e+04
5.747069126072323343e+03
1.248352799707115082e+04
1.280668024715988213e+04
1.253466676840579748e+04
1.245538411526762320e+04
1.300247758437616540e+04
1.229077808573195580e+04
1.294156726501854610e+04
1.276573394360223574e+04
1.291889975292397321e+04
1.313653728657681859e+04
1.279435814527237198e+04
1.263435813318083092e+04
1.298095184398573110e+04
1.260409877312903518e+04
1.273058808538026824e+04
1.278095819491466318e+04
1.237520128366849895e+04
1.329881740259869548e+04
1.269030227267289229e+04
1.100265755808355607e+04
1.223940185477811792e+04
1.202477519980613943e+04
1.417102326159495715e+04
1.257990725410788400e+04
1.205346484508971116e+04
1.166312965571475252e+04
1.443279111758350336e+04
1.428135851946652110e+04
1.217608910846360777e+04
1.226977344404090763e+04
1.122795590274667484e+04
1.427747715703695030e+04
1.247525350881140548e+04
1.487510909735470159e+04
1.246714310643549834e+04
2.209044482704461552e+04
1.435693713166227462e+04
2.242574667635752849e+04
2.271493196869556778e+04
1.425504228471163697e+04
1.109974010026878568e+04
1.462160489483069978e+04
1.997467293042756864e+04
1.533703176255133985e+04
1.496221237708261106e+04
2.341702349523174780e+04
1.245114459125303802e+04
2.282800041539780796e+04
2.176537792795781570e+04
1.915119460927324690e+04
2.195267820696947820e+04
2.260403068794383944e+04
2.240967323640904942e+04
2.227205473441624417e+04
2.214935438547200829e+04
2.325129992162982307e+04
2.255804862903950561e+04
2.293757951921076165e+04
1.172188287082939132e+04
2.300271058474486927e+04
2.018470436525869809e+04
1.179012507357174945e+04
1.978808932223778902e+04
2.285571089289641168e+04
1.116619160204168475e+04
2.293101193260906803e+04
2.325860008114862285e+04
2.294796679881158707e+04
2.416803575105315758e+04
2.324417306985676260e+04
2.356646903412368920e+04
2.284744653775547704e+04
2.299756391540586992e+04
2.256902577551002832e+04
2.090330997423543886e+04
7.287500054381106565e+03
2.298800982840177676e+04
2.311983838046980600e+04
2.315856480911194376e+04
2.360273733707125939e+04
2.328120127169519037e+04
2.059169755380321294e+04
2.377335256522435157e+04
2.346388507962504809e+04
2.332687106736647547e+04
2.440552672030331451e+04
2.302596859167315415e+04
1.967726559060242653e+04
2.408734594639921488e+04
2.299783713656616965e+04
2.320220053455749439e+04
2.423397756082623528e+04
2.333160622456260899e+04
1.073604909726840924e+04
2.381014712669269647e+04
2.266090067173311400e+04
2.367926269401943136e+04
2.370148635982780615e+04
2.391948731591920296e+04
2.338303459890374870e+04
2.068934054176180871e+04
2.341531991977112193e+04
1.292870195306479400e+04
2.403157748947889559e+04
1.233119815304259646e+04
2.343926411019446823e+04
2.363779495204247723e+04
2.374929876152411089e+04
2.233412678849656004e+04
2.391886778175575091e+04
2.341676659517977532e+04
5.794710915593175014e+04
7.079962586158714839e+04
2.373550732584864454e+04
2.235640489629991498e+04
2.400658712424967234e+04
2.346058140176342567e+04
1.216927561627018986e+04
2.354143271551069120e+04
2.409167434130790207e+04
2.379766301446293437e+04
6.965318077396275476e+04
2.347358680769406419e+04
2.430876787029973275e+04
2.424009359203214626e+04
2.328824751925145756e+04
2.370278828574932049e+04
2.339022139509937551e+04
2.397283596037153256e+04
1.366234484721618719e+04
1.380959388310903159e+04
1.218919755323598110e+04
5.526401272449867975e+04
1.226658882345825987e+04
1.371600992192051126e+04
1.378672527273607375e+04
1.232327033668779404e+04
1.194648122748812057e+04
1.230031407553059398e+04
5.905558071068069694e+04
1.387668421844897603e+04
1.232896323603524615e+04
1.638299213568189953e+04
1.996411999691641831e+05
5.689418661121396144e+04
1.388499391340928378e+04
5.783653642397348449e+04
5.587714566539671796e+04
5.905027521442360012e+04
1.388035681982404458e+04
7.126120257946045604e+04
1.607162816205346644e+04
1.357542371918926619e+04
1.394821218572968974e+04
5.933402787757718761e+04
1.396083629771926462e+04
1.404545505753571160e+04
1.647921479940057543e+04
5.891790138273316552e+04
1.986067591160890006e+05
1.389207333382107572e+04
1.397016700517501158e+04
2.389164072490000399e+04
1.516144774959569622e+05
1.380865817697547573e+04
4.427716872751466872e+04
1.380919499624872878e+04
1.385755650441774196e+04
1.081135173482199316e+05
6.041661417420014186e+04
1.077851124931130907e+05
2.524305142017667240e+05
1.084749000188031205e+05
2.048769565314660140e+05
1.379282351347268559e+04
