2.240526030793451469e+02
1.794722404754841989e+02
8.063381816736560381e+01
3.991461488232901615e+02
8.608414619024614467e+01
3.360751239810355173e+02
1.379854607783187703e+03
5.991086146665783417e+03
5.411983116766534295e+03
5.648619189763329814e+03
6.425873055810377991e+03
1.188013330430587303e+04
4.327412990321709913e+03
4.367486138627840774e+03
4.324561899172033009e+03
3.693703528582858780e+03
9.269664278722260860e+03
1.154875855751579184e+04
1.123644337996680406e+04
6.314781703376273981e+03
7.438634681411735983e+03
7.113660175114561753e+03
3.808609345938538354e+03
7.038352384746995995e+03
7.018044038632494448e+03
1.034987730464692686e+04
6.468639752441672499e+03
3.277436860380070357e+03
1.466922334805930041e+04
8.230032780024292151e+03
1.010270160739961648e+04
8.785093054139317246e+03
1.123693454455054598e+04
9.868983295617115800e+03
1.470696498519831584e+04
2.315263740277680699e+04
1.356013698829209534e+04
1.307187855467477129e+04
1.538282784308200280e+04
1.381580137550351174e+04
1.328212380919700081e+04
2.088879922046638967e+04
2.074048098219863095e+04
1.377027759937399605e+04
2.185808179419492444e+04
2.878069386199130531e+04
2.413820360477611757e+04
2.426427084745322281e+04
6.938266318229002354e+04
6.237129495338448578e+03
2.042323608422705365e+04
2.182461585144531637e+04
2.507575281223030470e+04
2.498128297316443059e+04
1.427842491487991902e+04
2.140206919491765439e+04
1.396897138672656001e+04
2.195108086027422542e+04
4.982004472015048668e+04
2.459452652299667170e+04
3.707007301045842178e+04
1.040007131664239205e+04
2.226442650403887092e+04
5.306161096929769701e+04
2.470835010710993811e+04
7.271263595396257006e+04
9.995542395408627635e+04
2.469540827555562282e+04
3.631362772104117175e+04
7.153291298837716749e+04
2.461279299779331268e+04
1.188750430320318992e+05
7.274270191579176753e+04
8.302944577611643763e+04
1.729419311403964821e+05
2.438489501303155703e+04
1.196218576390296512e+05
5.697705384558737569e+04
5.735856601278392918e+04
2.499077894754032604e+04
2.500065240649586849e+04
