-1.000000000000000000e+00
1.100000000000000000e+01
3.000000000000000000e+00
-1.000000000000000000e+00
1.500000000000000000e+01
-1.000000000000000000e+00
-1.000000000000000000e+00
7.088318999692733158e+00
-1.000000000000000000e+00
-1.000000000000000000e+00
-1.000000000000000000e+00
9.133745014060554723e+00
-1.000000000000000000e+00
-1.000000000000000000e+00
-1.000000000000000000e+00
3.100000000000000000e+01
3.100000000000000000e+01
-1.000000000000000000e+00
8.700000000000000000e+01
7.635593220338982690e+01
-1.000000000000000000e+00
3.000000000000000000e+00
7.900000000000000000e+01
1.670000000000000000e+02
1.430000000000000000e+02
6.300000000000000000e+01
5.500000000000000000e+01
1.500000000000000000e+01
2.700000000000000000e+01
-1.000000000000000000e+00
5.900000000000000000e+01
1.900000000000000000e+01
9.900000000000000000e+01
1.500000000000000000e+01
4.049253731343283391e+01
3.590090090090090058e+01
3.100000000000000000e+01
7.900000000000000000e+01
-1.000000000000000000e+00
7.215606936416185135e+01
3.900000000000000000e+01
4.300000000000000000e+01
1.750000000000000000e+02
-1.000000000000000000e+00
-1.000000000000000000e+00
-1.000000000000000000e+00
-1.000000000000000000e+00
-1.000000000000000000e+00
3.900000000000000000e+01
3.000000000000000000e+00
3.500000000000000000e+01
-1.000000000000000000e+00
4.700000000000000000e+01
1.100000000000000000e+01
-1.000000000000000000e+00
2.300000000000000000e+01
-1.000000000000000000e+00
2.230000000000000000e+02
-1.000000000000000000e+00
7.100000000000000000e+01
-1.000000000000000000e+00
1.950000000000000000e+02
9.100000000000000000e+01
-1.000000000000000000e+00
8.700000000000000000e+01
8.300000000000000000e+01
2.636309148264983833e+02
2.830293159609120579e+01
-1.000000000000000000e+00
3.000000000000000000e+00
-1.000000000000000000e+00
-1.000000000000000000e+00
7.100000000000000000e+01
4.300000000000000000e+01
1.100000000000000000e+01
-1.000000000000000000e+00
-1.000000000000000000e+00
4.300000000000000000e+01
2.350000000000000000e+02
1.470000000000000000e+02
-1.000000000000000000e+00
1.030000000000000000e+02
-1.000000000000000000e+00
-1.000000000000000000e+00
-1.000000000000000000e+00
-1.000000000000000000e+00
-1.000000000000000000e+00
-1.000000000000000000e+00
1.500000000000000000e+01
-1.000000000000000000e+00
-1.000000000000000000e+00
-1.000000000000000000e+00
6.300000000000000000e+01
-1.000000000000000000e+00
-1.000000000000000000e+00
-1.000000000000000000e+00
-1.000000000000000000e+00
7.000000000000000000e+00
-1.000000000000000000e+00
-1.000000000000000000e+00
3.000000000000000000e+00
-1.000000000000000000e+00
-1.000000000000000000e+00
-1.000000000000000000e+00
2.700000000000000000e+01
-1.000000000000000000e+00
-1.000000000000000000e+00
4.700000000000000000e+01
-1.000000000000000000e+00
1.100000000000000000e+01
2.070000000000000000e+02
1.100000000000000000e+01
-1.000000000000000000e+00
1.900000000000000000e+01
-1.000000000000000000e+00
1.654440154440154487e+01
2.700000000000000000e+01
8.300000000000000000e+01
-1.000000000000000000e+00
2.300000000000000000e+01
2.079852216748768399e+02
-1.000000000000000000e+00
-1.000000000000000000e+00
-1.000000000000000000e+00
1.900000000000000000e+01
2.070000000000000000e+02
3.000000000000000000e+00
9.564308681672025614e+01
-1.000000000000000000e+00
-1.000000000000000000e+00
-1.000000000000000000e+00
-1.000000000000000000e+00
3.000000000000000000e+00
-1.000000000000000000e+00
-1.000000000000000000e+00
-1.000000000000000000e+00
-1.000000000000000000e+00
-1.000000000000000000e+00
-1.000000000000000000e+00
4.029032258064516014e+01
-1.000000000000000000e+00
3.000000000000000000e+00
-1.000000000000000000e+00
1.120526315789473699e+02
7.900000000000000000e+01
-1.000000000000000000e+00
2.150000000000000000e+02
-1.000000000000000000e+00
7.000000000000000000e+00
1.485520149953139537e+02
-1.000000000000000000e+00
-1.000000000000000000e+00
1.390000000000000000e+02
-1.000000000000000000e+00
5.100000000000000000e+01
-1.000000000000000000e+00
7.229032258064515304e+01
7.900000000000000000e+01
1.190000000000000000e+02
-1.000000000000000000e+00
-1.000000000000000000e+00
-1.000000000000000000e+00
1.310000000000000000e+02
-1.000000000000000000e+00
-1.000000000000000000e+00
-1.000000000000000000e+00
1.070000000000000000e+02
-1.000000000000000000e+00
1.150000000000000000e+02
1.040526315789473699e+02
7.100000000000000000e+01
-1.000000000000000000e+00
-1.000000000000000000e+00
3.100000000000000000e+01
2.380000000000000071e+01
2.700000000000000000e+01
1.100000000000000000e+01
-1.000000000000000000e+00
2.700000000000000000e+01
-1.000000000000000000e+00
4.300000000000000000e+01
-1.000000000000000000e+00
-1.000000000000000000e+00
1.500000000000000000e+01
4.809890109890110210e+01
-1.000000000000000000e+00
-1.000000000000000000e+00
-1.000000000000000000e+00
7.100000000000000000e+01
3.500000000000000000e+01
7.000000000000000000e+00
2.700000000000000000e+01
9.100000000000000000e+01
7.000000000000000000e+00
2.300000000000000000e+01
6.300000000000000000e+01
-1.000000000000000000e+00
-1.000000000000000000e+00
-1.000000000000000000e+00
3.100000000000000000e+01
6.411731843575418566e+01
-1.000000000000000000e+00
-1.000000000000000000e+00
-1.000000000000000000e+00
-1.000000000000000000e+00
-1.000000000000000000e+00
-1.000000000000000000e+00
-1.000000000000000000e+00
-1.000000000000000000e+00
-1.000000000000000000e+00
-1.000000000000000000e+00
-1.000000000000000000e+00
6.700000000000000000e+01
-1.000000000000000000e+00
3.500000000000000000e+01
-1.000000000000000000e+00
-1.000000000000000000e+00
-1.000000000000000000e+00
-1.000000000000000000e+00
-1.000000000000000000e+00
7.500000000000000000e+01
