-4.975247859954833984e+00
-3.981754183769226074e-01
-2.158672332763671875e+00
4.028019905090332031e+00
2.871338605880737305e+00
-1.498956918716430664e+00
-2.940927028656005859e+00
6.929772853851318359e+00
-3.235291004180908203e+00
3.825513601303100586e+00
4.408408164978027344e+00
5.269461154937744141e+00
9.947336196899414062e+00
9.976161956787109375e+00
1.844139814376831055e+00
4.901684761047363281e+00
3.446021556854248047e+00
1.268375205993652344e+01
-1.499188899993896484e+00
5.226054668426513672e+00
2.533155918121337891e+00
-2.605938673019409180e+00
1.657760429382324219e+01
5.065524101257324219e+00
4.115697860717773438e+00
6.198197364807128906e+00
1.953219985961914062e+01
2.159826660156250000e+01
-5.557277202606201172e-01
1.909043884277343750e+01
1.705707907676696777e+00
1.664213895797729492e+00
6.082591056823730469e+00
9.240094184875488281e+00
4.013680458068847656e+00
1.404533004760742188e+01
5.029746532440185547e+00
7.543564796447753906e+00
5.511246681213378906e+00
8.723934173583984375e+00
7.081076622009277344e+00
1.792988538742065430e+00
1.132767486572265625e+01
2.483623027801513672e+00
2.518453979492187500e+01
1.516706752777099609e+01
9.050071716308593750e+00
9.021507263183593750e+00
7.541388511657714844e+00
1.083371162414550781e+01
6.231897354125976562e+00
1.738475227355957031e+01
1.212732601165771484e+01
1.145720195770263672e+01
-3.011606693267822266e+00
1.082126903533935547e+01
6.085961818695068359e+00
2.002514648437500000e+01
1.044124317169189453e+01
5.121859550476074219e+00
7.569783687591552734e+00
1.157773208618164062e+01
1.568147850036621094e+01
1.142389106750488281e+01
7.458577632904052734e+00
5.858810424804687500e+00
9.715454101562500000e+00
1.779271125793457031e+01
1.233518981933593750e+01
1.369968414306640625e+01
3.541913747787475586e+00
1.687620925903320312e+01
4.253573894500732422e+00
1.903066635131835938e+01
6.221789717674255371e-01
6.226207733154296875e+00
1.234667778015136719e+01
2.458250999450683594e+01
1.135025787353515625e+01
2.120772361755371094e+01
1.398820781707763672e+01
6.713584899902343750e+00
5.366274833679199219e+00
3.181763267517089844e+01
1.022703552246093750e+01
3.463466644287109375e+00
9.358886718750000000e+00
9.258479118347167969e+00
9.269411087036132812e+00
2.681564092636108398e+00
2.216562461853027344e+01
1.085445213317871094e+01
1.128448104858398438e+01
6.292052268981933594e+00
1.108575630187988281e+01
1.545946788787841797e+01
9.272050857543945312e+00
1.511331176757812500e+01
1.466700267791748047e+01
3.306360626220703125e+01
1.266683197021484375e+01
1.066596603393554688e+01
7.058146476745605469e+00
4.942885398864746094e+00
2.539419555664062500e+01
1.082048702239990234e+01
1.520826148986816406e+01
1.769585990905761719e+01
3.974703311920166016e+00
2.431397056579589844e+01
7.126735210418701172e+00
5.004272460937500000e+01
3.581322193145751953e+00
3.379405212402343750e+01
1.579732322692871094e+01
1.272064971923828125e+01
2.122714614868164062e+01
6.358949661254882812e+00
1.798669242858886719e+01
2.291894912719726562e+00
1.122057914733886719e+01
1.280216789245605469e+01
1.176851081848144531e+01
3.818653583526611328e+00
8.654026031494140625e+00
1.986919403076171875e+01
2.532919120788574219e+01
2.041439437866210938e+01
1.976375770568847656e+01
2.370793819427490234e+00
5.968614578247070312e+00
3.226266479492187500e+01
2.074029159545898438e+01
1.889658546447753906e+01
1.555560302734375000e+01
1.616499185562133789e+00
2.684281539916992188e+01
1.725189566612243652e+00
1.418945503234863281e+01
3.034007072448730469e+01
1.834662246704101562e+01
2.100580596923828125e+01
2.196018028259277344e+01
2.687637329101562500e+01
3.690269088745117188e+01
1.434741020202636719e+01
3.227912902832031250e+01
2.260871696472167969e+01
2.548315429687500000e+01
1.623361206054687500e+01
2.532427978515625000e+01
3.934258222579956055e+00
2.035448837280273438e+01
2.758803176879882812e+01
2.755566024780273438e+01
3.550594329833984375e+01
3.684353256225585938e+01
2.548348236083984375e+01
1.713437652587890625e+01
1.526611995697021484e+01
3.592460250854492188e+01
1.981439590454101562e+01
4.883378028869628906e+00
6.419238567352294922e+00
1.467802619934082031e+01
1.676686286926269531e+01
2.751289367675781250e+01
3.104779052734375000e+01
2.364359092712402344e+01
1.713669967651367188e+01
2.731177520751953125e+01
2.031251144409179688e+01
3.498547315597534180e+00
2.251361465454101562e+01
2.501731681823730469e+01
1.372443962097167969e+01
2.544867515563964844e+01
1.173019409179687500e+01
2.622388267517089844e+01
2.619230747222900391e+00
6.709716796875000000e+00
2.942658042907714844e+01
1.846060752868652344e+01
2.984328842163085938e+01
1.709801483154296875e+01
2.573233604431152344e+01
1.031035232543945312e+01
1.351450920104980469e+01
1.470972061157226562e+01
3.386031341552734375e+01
2.252615928649902344e+01
2.221821403503417969e+01
2.108045387268066406e+01
1.136027526855468750e+01
3.483190536499023438e+01
2.589315032958984375e+01
3.176521301269531250e+01
7.896207332611083984e+00
2.424365806579589844e+01
2.588326644897460938e+01
1.233821010589599609e+01
7.829982757568359375e+00
2.689533615112304688e+01
1.975445938110351562e+01
1.089043426513671875e+01
2.016084098815917969e+01
3.620691680908203125e+01
2.328907394409179688e+01
2.467390441894531250e+01
4.286032104492187500e+01
1.414847373962402344e+01
3.175832748413085938e+01
2.510857200622558594e+01
4.028909301757812500e+01
1.614237594604492188e+01
1.344311523437500000e+01
3.878767013549804688e+01
1.257110118865966797e+01
1.215861797332763672e+01
2.428850936889648438e+01
1.698861885070800781e+01
3.310486221313476562e+01
1.101793861389160156e+01
2.745830154418945312e+01
2.519298934936523438e+01
4.983540344238281250e+01
7.677031993865966797e+00
1.866521644592285156e+01
1.060690689086914062e+01
2.825437927246093750e+01
3.332947540283203125e+01
3.331129074096679688e+01
2.515358543395996094e+01
1.548632335662841797e+01
1.360194969177246094e+01
2.029383659362792969e+01
2.082135200500488281e+01
3.068571472167968750e+01
1.645972061157226562e+01
1.766542434692382812e+01
2.238022613525390625e+01
1.109859275817871094e+01
1.520273876190185547e+01
2.706432151794433594e+01
1.618958282470703125e+01
2.670806503295898438e+01
2.423390197753906250e+01
2.225795555114746094e+01
1.888647079467773438e+01
1.843443679809570312e+01
1.369565868377685547e+01
2.307955551147460938e+01
7.260447978973388672e+00
9.575098037719726562e+00
1.872423362731933594e+01
2.677793884277343750e+01
3.162282371520996094e+01
1.956076049804687500e+01
2.046344375610351562e+01
3.967242050170898438e+01
6.873115062713623047e+00
1.467851638793945312e+01
1.437747955322265625e+01
2.028265953063964844e+01
2.929378890991210938e+01
1.780687141418457031e+01
2.985544967651367188e+01
2.834407424926757812e+01
2.616645431518554688e+01
2.011128234863281250e+01
2.564582824707031250e+01
3.659350585937500000e+01
2.011212921142578125e+01
9.303185343742370605e-01
1.426318550109863281e+01
1.834775924682617188e+01
1.471372795104980469e+01
1.732840156555175781e+01
1.657877683639526367e+00
1.601279449462890625e+01
2.084335136413574219e+01
2.227702140808105469e+01
2.009835243225097656e+01
1.146660423278808594e+01
1.519250488281250000e+01
1.262649154663085938e+01
2.838033103942871094e+01
1.246986675262451172e+01
2.614849853515625000e+01
1.838435173034667969e+01
1.071803665161132812e+01
2.244449615478515625e+01
1.040845108032226562e+01
2.377194976806640625e+01
2.690885162353515625e+01
1.668777465820312500e+01
1.946278190612792969e+01
3.026489067077636719e+01
2.225110626220703125e+01
2.917771911621093750e+01
1.535939025878906250e+01
2.814852523803710938e+01
1.972967720031738281e+01
2.422015190124511719e+01
3.147691154479980469e+01
1.286450004577636719e+01
1.299176406860351562e+01
2.653453826904296875e+01
3.361267852783203125e+01
2.574737548828125000e+01
2.891882324218750000e+01
2.043471145629882812e+01
3.830872344970703125e+01
1.198077011108398438e+01
1.215933227539062500e+01
1.170280838012695312e+01
1.204201412200927734e+01
8.546785354614257812e+00
2.424451828002929688e+01
1.583354187011718750e+01
1.571150207519531250e+01
1.913275909423828125e+01
1.653135490417480469e+01
1.831940650939941406e+01
1.665106296539306641e+00
1.084191131591796875e+01
1.549044322967529297e+01
7.308871269226074219e+00
1.294919395446777344e+01
1.914044570922851562e+01
1.443438148498535156e+01
3.500201034545898438e+01
1.120273590087890625e+01
2.230998611450195312e+01
1.828356170654296875e+01
1.060105419158935547e+01
5.465895652770996094e+00
3.474382781982421875e+01
9.645280838012695312e+00
6.049598217010498047e+00
1.125524902343750000e+01
1.224843025207519531e+01
2.497745323181152344e+01
1.613332366943359375e+01
2.373443984985351562e+01
1.042282009124755859e+01
2.571618461608886719e+01
-1.690287947654724121e+00
2.113129997253417969e+01
1.158325958251953125e+01
2.617372989654541016e+00
2.035145378112792969e+01
1.624157333374023438e+01
1.247508811950683594e+01
4.515241241455078125e+01
1.851149559020996094e+01
2.311298751831054688e+01
2.845522689819335938e+01
2.327285575866699219e+01
6.831017971038818359e+00
2.699415969848632812e+01
2.339533805847167969e+01
3.250392532348632812e+01
2.329745864868164062e+01
1.808914566040039062e+01
3.525862121582031250e+01
3.363207340240478516e+00
1.584649658203125000e+01
2.016117095947265625e+01
1.920048141479492188e+01
-8.929534912109375000e+00
1.828851699829101562e+01
3.780932617187500000e+01
1.725669479370117188e+01
2.373702812194824219e+01
1.304667186737060547e+01
1.586015319824218750e+01
7.816343307495117188e+00
7.142004966735839844e+00
2.057173919677734375e+01
1.718809509277343750e+01
7.482989311218261719e+00
-4.188188016414642334e-01
6.694259643554687500e+00
3.670370101928710938e+00
1.129520797729492188e+01
5.908351421356201172e+00
2.937671661376953125e+01
2.663652038574218750e+01
-2.041513204574584961e+00
4.906857013702392578e+00
-4.163381099700927734e+00
1.541539382934570312e+01
2.500943565368652344e+01
4.299615859985351562e+00
-4.738703250885009766e+00
1.507356071472167969e+01
1.093425750732421875e+01
1.095026588439941406e+01
3.507524490356445312e+00
1.616998291015625000e+01
-1.034385681152343750e+00
2.772703552246093750e+01
-1.365336298942565918e+00
2.155354022979736328e+00
3.164544105529785156e-01
3.087817382812500000e+01
2.123083496093750000e+01
6.394582271575927734e+00
4.307549953460693359e+00
1.587857723236083984e+01
2.424972915649414062e+01
-8.744065463542938232e-02
1.529938316345214844e+01
8.847425460815429688e+00
8.622058868408203125e+00
8.166307449340820312e+00
1.759876441955566406e+01
1.793439102172851562e+01
3.048112392425537109e+00
-8.894016265869140625e+00
-1.863453865051269531e+00
1.221431541442871094e+01
8.661184310913085938e+00
-5.188279628753662109e+00
3.466543912887573242e+00
1.144897460937500000e+00
1.276093959808349609e+01
5.453945159912109375e+00
1.104869365692138672e+01
7.508972167968750000e+00
-7.457088232040405273e-01
4.631093502044677734e+00
-1.469491004943847656e+01
1.065353965759277344e+01
-5.692186355590820312e+00
1.034744262695312500e+01
-1.392948436737060547e+01
-8.833144187927246094e+00
-1.715571022033691406e+01
1.302102446556091309e+00
-9.454685211181640625e+00
-7.637316584587097168e-01
4.111989974975585938e+00
-1.304756736755371094e+01
1.480587363243103027e+00
-1.626841354370117188e+01
-4.199641227722167969e+00
-6.637785911560058594e+00
4.500398635864257812e+00
-8.228075981140136719e+00
-7.964282989501953125e+00
-1.579531669616699219e+01
1.144727134704589844e+01
-5.994084835052490234e+00
-1.686727523803710938e+01
4.203868865966796875e+00
-5.157170295715332031e+00
1.195873546600341797e+01
-4.009929656982421875e+00
-5.850831031799316406e+00
-1.020122814178466797e+01
-1.510215163230895996e+00
-1.097795486450195312e+01
-1.433596611022949219e+00
-1.792396163940429688e+01
-8.825442314147949219e+00
-6.681535720825195312e+00
-3.586209297180175781e+00
-1.196115684509277344e+01
-2.599402427673339844e+01
5.144122123718261719e+00
8.595304489135742188e+00
-1.097547817230224609e+01
-7.420069694519042969e+00
-1.314805603027343750e+01
-2.612990951538085938e+01
-1.531823730468750000e+01
-1.254619598388671875e+01
-8.811088562011718750e+00
-8.288413047790527344e+00
-1.368085765838623047e+01
-1.991861915588378906e+01
-1.335612487792968750e+01
1.006206512451171875e+00
-2.474866867065429688e+00
-1.022497844696044922e+01
-9.210900306701660156e+00
-2.160312652587890625e+01
-1.348931407928466797e+01
-1.597332191467285156e+01
-2.160351943969726562e+01
-2.020698165893554688e+01
-1.923747825622558594e+01
-2.832743835449218750e+01
-2.398338317871093750e+01
-1.545285320281982422e+01
-1.660175895690917969e+01
-1.544122982025146484e+01
-2.739096450805664062e+01
-1.791016769409179688e+01
-1.988446617126464844e+01
-2.030980682373046875e+01
-1.906117248535156250e+01
-2.404446029663085938e+01
-1.582788848876953125e+01
-2.598056602478027344e+01
-8.952575683593750000e+00
-2.494679832458496094e+01
-1.019162654876708984e+01
-3.070129776000976562e+01
-2.760262870788574219e+01
-2.105427551269531250e+01
-3.387321090698242188e+01
-2.185593795776367188e+01
-2.480608367919921875e+01
-2.871649932861328125e+01
-2.201521873474121094e+01
-1.696103477478027344e+01
-2.800928306579589844e+01
-2.338574790954589844e+01
-2.501112937927246094e+01
-1.531925010681152344e+01
-3.109606552124023438e+01
-2.859445190429687500e+01
-2.848431777954101562e+01
-3.184944915771484375e+01
-3.458237457275390625e+01
-3.558006286621093750e+01
-3.584028625488281250e+01
-2.443492507934570312e+01
-3.360208129882812500e+01
-3.207263183593750000e+01
-3.611084747314453125e+01
-3.976669311523437500e+01
-4.079888153076171875e+01
-3.397769927978515625e+01
-4.387032699584960938e+01
-3.044813156127929688e+01
-4.299545288085937500e+01
-3.977635955810546875e+01
-3.329850006103515625e+01
-4.229185867309570312e+01
-3.806962203979492188e+01
-3.987952423095703125e+01
-4.121421813964843750e+01
-5.035905075073242188e+01
-4.995217132568359375e+01
-4.449394226074218750e+01
-5.287625122070312500e+01
-4.467148590087890625e+01
-4.513066101074218750e+01
-4.871450805664062500e+01
-5.399471282958984375e+01
-5.419325256347656250e+01
-5.320197296142578125e+01
-5.675245666503906250e+01
-4.804441452026367188e+01
-4.830184173583984375e+01
-5.991648864746093750e+01
-5.543473052978515625e+01
-6.701874542236328125e+01
-6.893531799316406250e+01
-5.547527694702148438e+01
-7.158824157714843750e+01
-7.148149108886718750e+01
-7.033389282226562500e+01
-6.459798431396484375e+01
-6.147689437866210938e+01
-7.642829895019531250e+01
-6.203878784179687500e+01
-7.202697753906250000e+01
-8.221835327148437500e+01
-7.290274047851562500e+01
-8.666933441162109375e+01
-8.220588684082031250e+01
-8.228388977050781250e+01
-8.716198730468750000e+01
-8.520060729980468750e+01
-7.968594360351562500e+01
-9.284356689453125000e+01
-9.702365112304687500e+01
-9.077486419677734375e+01
-9.685414886474609375e+01
-8.777781677246093750e+01
-9.733455657958984375e+01
-8.412783813476562500e+01
-9.897387695312500000e+01
-1.166384429931640625e+02
-9.331211853027343750e+01
-1.097380294799804688e+02
-1.172252197265625000e+02
-1.035890731811523438e+02
-1.251123199462890625e+02
-1.254966430664062500e+02
-1.258681640625000000e+02
-1.311327056884765625e+02
-1.251146392822265625e+02
-1.248110580444335938e+02
-1.224286346435546875e+02
-1.432232208251953125e+02
-1.371921691894531250e+02
-1.374294433593750000e+02
-1.433549804687500000e+02
-1.559467468261718750e+02
-1.502774658203125000e+02
-1.434019927978515625e+02
-1.512012481689453125e+02
-1.692013244628906250e+02
-1.577804870605468750e+02
-1.805217895507812500e+02
-1.628423461914062500e+02
-1.489957580566406250e+02
-1.709688568115234375e+02
-1.659194946289062500e+02
-1.713514099121093750e+02
-1.718995361328125000e+02
-1.761337280273437500e+02
-1.872654724121093750e+02
-1.698847961425781250e+02
-1.786008148193359375e+02
-1.701840820312500000e+02
-1.806449432373046875e+02
-1.769385986328125000e+02
-1.727363891601562500e+02
-1.947169799804687500e+02
-1.809052734375000000e+02
-1.862857360839843750e+02
-1.937710266113281250e+02
-2.049483337402343750e+02
-2.141212615966796875e+02
-1.989615173339843750e+02
-2.039860534667968750e+02
-1.875336914062500000e+02
-1.782797088623046875e+02
-2.036737518310546875e+02
-2.118430633544921875e+02
-2.067045745849609375e+02
-2.001731567382812500e+02
-1.914272460937500000e+02
-2.150793914794921875e+02
-2.143069152832031250e+02
-2.081823730468750000e+02
-2.119941864013671875e+02
-2.341149597167968750e+02
-2.315770721435546875e+02
-2.145002441406250000e+02
-2.294027709960937500e+02
-2.032944641113281250e+02
-2.214850769042968750e+02
-2.377078094482421875e+02
-2.076634216308593750e+02
-2.544457397460937500e+02
-2.371907806396484375e+02
-2.226934509277343750e+02
-2.544752197265625000e+02
-2.537600097656250000e+02
-2.218815917968750000e+02
-2.542832946777343750e+02
-2.173489227294921875e+02
-2.548866577148437500e+02
-2.405722045898437500e+02
-2.432612304687500000e+02
-2.662987060546875000e+02
-2.497373504638671875e+02
-2.530046386718750000e+02
-2.508436737060546875e+02
-2.505656738281250000e+02
-2.559857635498046875e+02
-2.422686004638671875e+02
-2.424126434326171875e+02
-2.329705047607421875e+02
-2.702694396972656250e+02
-2.543408508300781250e+02
-2.308526306152343750e+02
-2.437987060546875000e+02
-2.763994750976562500e+02
-2.462685546875000000e+02
-2.585206298828125000e+02
-3.003099060058593750e+02
-2.593361206054687500e+02
-2.682527465820312500e+02
-2.414053192138671875e+02
-2.836618041992187500e+02
-2.837122192382812500e+02
-2.426682586669921875e+02
-2.565110473632812500e+02
-2.570035095214843750e+02
-2.484313964843750000e+02
-2.881262817382812500e+02
-2.721398315429687500e+02
-2.531192626953125000e+02
-2.547320251464843750e+02
-2.685941162109375000e+02
-2.721340942382812500e+02
-2.732139587402343750e+02
-2.786310729980468750e+02
-2.787681274414062500e+02
-2.510436706542968750e+02
-2.770914001464843750e+02
-2.598847045898437500e+02
-2.386155700683593750e+02
-2.430634002685546875e+02
-2.464184265136718750e+02
-2.685821228027343750e+02
-2.366574707031250000e+02
-2.439454650878906250e+02
-2.477048034667968750e+02
-2.452232666015625000e+02
-2.842535095214843750e+02
-2.639775390625000000e+02
-2.610559997558593750e+02
-2.332621307373046875e+02
-2.632684326171875000e+02
-2.938206481933593750e+02
-2.660296630859375000e+02
-2.584344787597656250e+02
-2.466712341308593750e+02
-2.639151000976562500e+02
-2.574340820312500000e+02
-2.383557739257812500e+02
-2.800970458984375000e+02
-2.432564392089843750e+02
-2.776347045898437500e+02
-2.802926635742187500e+02
-2.758236083984375000e+02
-2.732658386230468750e+02
-2.652759094238281250e+02
-2.658684082031250000e+02
-2.833951721191406250e+02
-2.710981445312500000e+02
-2.527152099609375000e+02
-2.505478973388671875e+02
-2.435011444091796875e+02
-2.309058227539062500e+02
-2.417037353515625000e+02
-2.560229187011718750e+02
-2.446888732910156250e+02
-2.501909027099609375e+02
-2.342876281738281250e+02
-2.399665527343750000e+02
-2.447250976562500000e+02
-2.248267211914062500e+02
-2.604887695312500000e+02
-2.522188720703125000e+02
-2.543268280029296875e+02
-2.487854919433593750e+02
-2.297899627685546875e+02
-2.403834228515625000e+02
-2.311722106933593750e+02
-2.400514373779296875e+02
-2.603276977539062500e+02
-2.541441650390625000e+02
-2.502015075683593750e+02
-2.446111450195312500e+02
-2.509305877685546875e+02
-2.166957702636718750e+02
-2.493551025390625000e+02
-2.506835937500000000e+02
-2.513007812500000000e+02
-2.557016296386718750e+02
-2.396403045654296875e+02
-2.402428894042968750e+02
-2.436779022216796875e+02
-2.350065307617187500e+02
-2.405422210693359375e+02
-2.476727294921875000e+02
-2.419150085449218750e+02
-2.444113616943359375e+02
-2.412890014648437500e+02
-2.521397705078125000e+02
-2.547744140625000000e+02
-2.466644134521484375e+02
-2.472225341796875000e+02
-2.408467712402343750e+02
-2.297443847656250000e+02
-2.224546356201171875e+02
-2.343378601074218750e+02
-2.245815124511718750e+02
-2.238661193847656250e+02
-2.356585693359375000e+02
-2.478242187500000000e+02
-2.633040771484375000e+02
-2.338585662841796875e+02
-2.358545989990234375e+02
-2.603732910156250000e+02
-2.422845458984375000e+02
-2.461432342529296875e+02
-2.551750183105468750e+02
-2.554906005859375000e+02
-2.527498016357421875e+02
-2.433373870849609375e+02
-2.441215057373046875e+02
-2.339801483154296875e+02
-2.635630493164062500e+02
-2.592423706054687500e+02
-2.705664367675781250e+02
-2.363026580810546875e+02
-2.611962585449218750e+02
-2.633093261718750000e+02
-2.750748291015625000e+02
-2.775338439941406250e+02
-2.404103240966796875e+02
-2.635742187500000000e+02
-2.470146179199218750e+02
-2.435766601562500000e+02
-2.466713562011718750e+02
-2.318115539550781250e+02
-2.726802062988281250e+02
-2.780965576171875000e+02
-2.880350952148437500e+02
-2.935028686523437500e+02
-2.757638549804687500e+02
-2.421115570068359375e+02
-2.602707214355468750e+02
-3.014124145507812500e+02
-2.695228271484375000e+02
-2.898856201171875000e+02
-2.928828735351562500e+02
-2.737878112792968750e+02
-2.695238037109375000e+02
-2.940824279785156250e+02
-2.577254028320312500e+02
-2.565577697753906250e+02
-2.869932861328125000e+02
-2.598927001953125000e+02
-2.685325012207031250e+02
-2.905120239257812500e+02
-2.821414184570312500e+02
-3.205951538085937500e+02
-2.732738037109375000e+02
-3.046796875000000000e+02
-2.560869750976562500e+02
-2.925577087402343750e+02
-3.154226074218750000e+02
-2.827449951171875000e+02
-2.997413940429687500e+02
-3.089721069335937500e+02
-2.814709472656250000e+02
-3.071463623046875000e+02
-2.917069091796875000e+02
-3.003207702636718750e+02
-2.953696289062500000e+02
-3.020338439941406250e+02
-2.995729370117187500e+02
-3.073044128417968750e+02
-3.012242126464843750e+02
-3.096665344238281250e+02
-3.026601257324218750e+02
-3.138204956054687500e+02
-2.945476989746093750e+02
-3.117629089355468750e+02
-3.135573120117187500e+02
-3.065984497070312500e+02
-2.943885498046875000e+02
-3.312933959960937500e+02
-3.094585571289062500e+02
-2.967861022949218750e+02
-3.261176147460937500e+02
-2.858883972167968750e+02
-3.205650634765625000e+02
-3.228352355957031250e+02
-3.075919189453125000e+02
-2.966147460937500000e+02
-2.463320159912109375e+02
-3.279500122070312500e+02
-3.099653320312500000e+02
-3.005762329101562500e+02
-3.015417175292968750e+02
-3.011905517578125000e+02
-3.019270629882812500e+02
-3.263641357421875000e+02
-2.815567626953125000e+02
-3.165289001464843750e+02
-2.757254028320312500e+02
-2.969054260253906250e+02
-2.961054077148437500e+02
-3.213039855957031250e+02
-3.110252685546875000e+02
-2.766628417968750000e+02
-2.937539978027343750e+02
-2.698713073730468750e+02
-2.946441650390625000e+02
-2.956583862304687500e+02
-3.118422546386718750e+02
-2.212129364013671875e+02
-2.755788574218750000e+02
-2.669839477539062500e+02
-2.827007446289062500e+02
-2.563496704101562500e+02
-2.823424987792968750e+02
-2.838898010253906250e+02
-2.371734313964843750e+02
-3.008674926757812500e+02
-2.503982849121093750e+02
-2.705954284667968750e+02
-2.277043457031250000e+02
-2.514550781250000000e+02
-2.322300872802734375e+02
-2.168579101562500000e+02
-2.611124267578125000e+02
-2.036770019531250000e+02
-2.070248718261718750e+02
-2.842294921875000000e+02
-2.748599853515625000e+02
-2.087495117187500000e+02
-2.175458679199218750e+02
-2.715304565429687500e+02
-2.370516357421875000e+02
-2.033469696044921875e+02
-2.629959411621093750e+02
-2.376231384277343750e+02
-2.504573211669921875e+02
-2.352225341796875000e+02
-2.440461883544921875e+02
-2.054969482421875000e+02
-2.651386718750000000e+02
-2.335577850341796875e+02
-2.461528015136718750e+02
-1.863065643310546875e+02
-1.941544189453125000e+02
-1.937171630859375000e+02
-2.057207489013671875e+02
-1.973357238769531250e+02
-2.176381530761718750e+02
-1.991475524902343750e+02
-2.024390106201171875e+02
-2.127103881835937500e+02
-2.407131805419921875e+02
-1.974483642578125000e+02
-2.380174865722656250e+02
-2.048307495117187500e+02
-2.558238525390625000e+02
-2.011776123046875000e+02
-1.817627410888671875e+02
-2.442733459472656250e+02
-1.848501892089843750e+02
-1.971922454833984375e+02
-2.342839355468750000e+02
-1.996794128417968750e+02
-1.543016357421875000e+02
-2.176514282226562500e+02
-2.047381286621093750e+02
-2.191195526123046875e+02
-2.585358886718750000e+02
-1.773955688476562500e+02
-2.091453552246093750e+02
-2.095368347167968750e+02
-1.626024169921875000e+02
-1.899342651367187500e+02
-2.059048767089843750e+02
-2.408253173828125000e+02
-1.636699676513671875e+02
-1.990716552734375000e+02
-1.926978607177734375e+02
-2.089882049560546875e+02
-1.981773681640625000e+02
-1.949913330078125000e+02
-2.013058319091796875e+02
-1.847759704589843750e+02
-1.837525329589843750e+02
-1.926454315185546875e+02
-1.840419311523437500e+02
-1.770247650146484375e+02
-1.801161804199218750e+02
-1.676628112792968750e+02
-1.938979187011718750e+02
-1.730458068847656250e+02
-1.596969299316406250e+02
-1.675954895019531250e+02
-1.605790252685546875e+02
-1.693163452148437500e+02
-1.662881469726562500e+02
-1.924940185546875000e+02
-1.734121093750000000e+02
-1.719292449951171875e+02
-1.842001190185546875e+02
-1.730731048583984375e+02
-1.745237274169921875e+02
-1.758703613281250000e+02
-1.729936218261718750e+02
-1.777126464843750000e+02
-1.778947448730468750e+02
-1.852100524902343750e+02
-1.810426483154296875e+02
-1.731568298339843750e+02
-1.780660095214843750e+02
-1.820939025878906250e+02
-1.848178100585937500e+02
-1.836988372802734375e+02
-1.811777343750000000e+02
-1.870075683593750000e+02
-1.866191864013671875e+02
-1.871691741943359375e+02
-1.880849609375000000e+02
-1.884107666015625000e+02
-1.910380554199218750e+02
-1.976252136230468750e+02
-1.901759490966796875e+02
-1.973050537109375000e+02
-1.892545166015625000e+02
-1.934393310546875000e+02
-1.977109069824218750e+02
-1.943544769287109375e+02
-1.999800720214843750e+02
-1.964259948730468750e+02
-2.007425537109375000e+02
-2.028400115966796875e+02
-1.996959228515625000e+02
-2.033477172851562500e+02
-2.027452087402343750e+02
-2.074852294921875000e+02
-2.042602233886718750e+02
-2.071042480468750000e+02
-2.084183349609375000e+02
-2.090671844482421875e+02
-2.052714691162109375e+02
-2.127373504638671875e+02
-2.083929138183593750e+02
-2.086715545654296875e+02
-2.113265838623046875e+02
-2.179658203125000000e+02
-2.150595397949218750e+02
-2.151072692871093750e+02
-2.143204193115234375e+02
-2.146952362060546875e+02
-2.135736083984375000e+02
-2.170587463378906250e+02
-2.143065185546875000e+02
-2.163290252685546875e+02
-2.187093963623046875e+02
-2.171884460449218750e+02
-2.239332122802734375e+02
-2.259987030029296875e+02
-2.241453094482421875e+02
-2.237111511230468750e+02
-2.244455566406250000e+02
-2.235430755615234375e+02
-2.236815490722656250e+02
-2.215046386718750000e+02
-2.280703125000000000e+02
-2.289329681396484375e+02
-2.187785644531250000e+02
-2.322897796630859375e+02
-2.290991210937500000e+02
-2.286656494140625000e+02
-2.343336639404296875e+02
-2.355658569335937500e+02
-2.368584899902343750e+02
-2.386849365234375000e+02
-2.360645751953125000e+02
-2.298834686279296875e+02
-2.394550781250000000e+02
-2.404733276367187500e+02
-2.374880981445312500e+02
-2.370988464355468750e+02
-2.395150604248046875e+02
-2.325503387451171875e+02
-2.361545104980468750e+02
-2.414564819335937500e+02
-2.388926239013671875e+02
-2.343445892333984375e+02
-2.357564697265625000e+02
-2.392308044433593750e+02
-2.332261962890625000e+02
-2.367477722167968750e+02
-2.352899627685546875e+02
-2.391372070312500000e+02
-2.429953308105468750e+02
-2.436768493652343750e+02
-2.448760986328125000e+02
-2.375075073242187500e+02
-2.416081237792968750e+02
-2.441423034667968750e+02
-2.461214447021484375e+02
-2.435227508544921875e+02
-2.467262878417968750e+02
-2.466993865966796875e+02
-2.499428710937500000e+02
-2.425109558105468750e+02
-2.504476318359375000e+02
-2.477837829589843750e+02
-2.482185974121093750e+02
-2.500747070312500000e+02
-2.499932708740234375e+02
-2.499602050781250000e+02
-2.520326843261718750e+02
-2.505310516357421875e+02
-2.485830535888671875e+02
-2.490622253417968750e+02
-2.528829803466796875e+02
-2.526878356933593750e+02
-2.540916748046875000e+02
-2.518844909667968750e+02
-2.534732360839843750e+02
-2.560119323730468750e+02
-2.561369934082031250e+02
-2.529000244140625000e+02
-2.536576843261718750e+02
-2.507458496093750000e+02
-2.547071533203125000e+02
-2.551639404296875000e+02
-2.577893981933593750e+02
-2.540757293701171875e+02
-2.575118103027343750e+02
-2.552139892578125000e+02
-2.566260375976562500e+02
-2.552193298339843750e+02
-2.523493652343750000e+02
-2.614140319824218750e+02
-2.514814453125000000e+02
-2.593895568847656250e+02
-2.486073913574218750e+02
-2.585649719238281250e+02
-2.561216735839843750e+02
-2.571561889648437500e+02
-2.581491088867187500e+02
-2.610234985351562500e+02
-2.565194702148437500e+02
-2.575024719238281250e+02
-2.501017303466796875e+02
-2.533948669433593750e+02
-2.588362121582031250e+02
-2.532704925537109375e+02
-2.592228393554687500e+02
-2.616077575683593750e+02
-2.634529418945312500e+02
-2.551655120849609375e+02
-2.630366821289062500e+02
-2.629381713867187500e+02
-2.625417175292968750e+02
-2.585050964355468750e+02
-2.647962036132812500e+02
-2.613285827636718750e+02
-2.586712036132812500e+02
-2.615991210937500000e+02
-2.636353149414062500e+02
-2.635995483398437500e+02
-2.614954223632812500e+02
-2.609228210449218750e+02
-2.619447937011718750e+02
-2.646773681640625000e+02
-2.653707275390625000e+02
-2.602194824218750000e+02
-2.612164916992187500e+02
-2.609677734375000000e+02
-2.654371032714843750e+02
-2.622517700195312500e+02
-2.660632019042968750e+02
-2.632529296875000000e+02
-2.662241210937500000e+02
-2.633963623046875000e+02
-2.579276123046875000e+02
-2.623745117187500000e+02
-2.649966430664062500e+02
-2.626096801757812500e+02
-2.581187133789062500e+02
-2.684071960449218750e+02
-2.699971313476562500e+02
-2.622917480468750000e+02
-2.612534790039062500e+02
-2.685643310546875000e+02
-2.603398437500000000e+02
-2.682707519531250000e+02
-2.649691162109375000e+02
-2.644251098632812500e+02
-2.637683105468750000e+02
-2.604972534179687500e+02
-2.683099670410156250e+02
-2.672822875976562500e+02
-2.606513061523437500e+02
-2.655186462402343750e+02
-2.633666381835937500e+02
-2.657842712402343750e+02
-2.610670776367187500e+02
-2.653100280761718750e+02
-2.656289062500000000e+02
-2.623595581054687500e+02
-2.676487731933593750e+02
-2.587892761230468750e+02
-2.647357177734375000e+02
-2.614133300781250000e+02
-2.651643066406250000e+02
-2.666051940917968750e+02
-2.580661010742187500e+02
-2.604954223632812500e+02
-2.635734252929687500e+02
-2.607094421386718750e+02
-2.584094543457031250e+02
-2.657907104492187500e+02
-2.630288085937500000e+02
-2.539672546386718750e+02
-2.633232421875000000e+02
-2.623270263671875000e+02
-2.552429656982421875e+02
-2.607229919433593750e+02
-2.584906005859375000e+02
-2.556514892578125000e+02
-2.625607299804687500e+02
-2.586214599609375000e+02
-2.583484802246093750e+02
-2.563729858398437500e+02
-2.554913024902343750e+02
-2.592926635742187500e+02
-2.563010864257812500e+02
-2.561868591308593750e+02
-2.579447937011718750e+02
-2.612156677246093750e+02
-2.592489624023437500e+02
-2.581392822265625000e+02
-2.530321960449218750e+02
-2.544454345703125000e+02
-2.570438232421875000e+02
-2.554935760498046875e+02
-2.503117675781250000e+02
-2.559495849609375000e+02
-2.553788299560546875e+02
-2.510965270996093750e+02
-2.549570312500000000e+02
-2.532817840576171875e+02
-2.524147949218750000e+02
-2.504723205566406250e+02
-2.523625183105468750e+02
-2.554862518310546875e+02
-2.520583496093750000e+02
-2.494670867919921875e+02
-2.459858093261718750e+02
-2.497900848388671875e+02
-2.509755096435546875e+02
-2.445042724609375000e+02
-2.486215820312500000e+02
-2.570200805664062500e+02
-2.467298583984375000e+02
-2.482119140625000000e+02
-2.525960388183593750e+02
-2.491952819824218750e+02
-2.504331512451171875e+02
-2.454953002929687500e+02
-2.497092590332031250e+02
-2.436339111328125000e+02
-2.477997283935546875e+02
-2.476328125000000000e+02
-2.506381835937500000e+02
-2.440807342529296875e+02
-2.450100555419921875e+02
-2.454023742675781250e+02
-2.479356384277343750e+02
-2.445720214843750000e+02
-2.432505798339843750e+02
-2.427353363037109375e+02
-2.435021209716796875e+02
-2.450762786865234375e+02
-2.445593261718750000e+02
-2.419177703857421875e+02
-2.402941741943359375e+02
-2.392773132324218750e+02
-2.401085510253906250e+02
-2.406510925292968750e+02
-2.358582458496093750e+02
-2.421851043701171875e+02
-2.335740661621093750e+02
-2.356260986328125000e+02
-2.382492675781250000e+02
-2.402887268066406250e+02
-2.335287170410156250e+02
-2.344484100341796875e+02
-2.351459197998046875e+02
-2.387854003906250000e+02
-2.383600769042968750e+02
-2.311592254638671875e+02
-2.337349090576171875e+02
-2.304238128662109375e+02
-2.350009002685546875e+02
-2.304145202636718750e+02
-2.308195800781250000e+02
-2.296522521972656250e+02
-2.297673034667968750e+02
-2.297408294677734375e+02
-2.339512939453125000e+02
-2.256730651855468750e+02
-2.269256591796875000e+02
-2.296449890136718750e+02
-2.261096649169921875e+02
-2.285445251464843750e+02
-2.233096313476562500e+02
-2.307137145996093750e+02
-2.244128112792968750e+02
-2.253632049560546875e+02
-2.204896240234375000e+02
-2.257144165039062500e+02
-2.263033447265625000e+02
-2.214976806640625000e+02
-2.243841552734375000e+02
-2.244152832031250000e+02
-2.244271240234375000e+02
-2.178560028076171875e+02
-2.220320281982421875e+02
-2.172831268310546875e+02
-2.165783386230468750e+02
-2.127889862060546875e+02
-2.176837615966796875e+02
-2.158374023437500000e+02
-2.189784851074218750e+02
-2.168315429687500000e+02
-2.152431488037109375e+02
-2.119623870849609375e+02
-2.134533996582031250e+02
-2.107860107421875000e+02
-2.117174987792968750e+02
-2.124783935546875000e+02
-2.116260833740234375e+02
-2.094808807373046875e+02
-2.156418151855468750e+02
-2.088965759277343750e+02
-2.103113861083984375e+02
-2.109607849121093750e+02
-2.051823730468750000e+02
-2.118444824218750000e+02
-2.108690643310546875e+02
-2.085420989990234375e+02
-2.014401092529296875e+02
-2.063565673828125000e+02
-2.048037109375000000e+02
-2.017940368652343750e+02
-2.038250427246093750e+02
-2.056291961669921875e+02
-2.010660705566406250e+02
-2.009520721435546875e+02
-1.983984222412109375e+02
-2.020342102050781250e+02
-1.997694091796875000e+02
-1.990361633300781250e+02
-1.979289550781250000e+02
-1.957197723388671875e+02
-1.908112487792968750e+02
-1.972103271484375000e+02
-1.947022399902343750e+02
-1.923719482421875000e+02
-1.902905273437500000e+02
-1.905077972412109375e+02
-1.930044403076171875e+02
-1.908199157714843750e+02
-1.888888397216796875e+02
-1.866584167480468750e+02
-1.874937744140625000e+02
-1.877828826904296875e+02
-1.853977508544921875e+02
-1.886103515625000000e+02
-1.838763427734375000e+02
-1.821062469482421875e+02
-1.840485229492187500e+02
-1.827547302246093750e+02
-1.861001434326171875e+02
-1.801571960449218750e+02
-1.796149597167968750e+02
-1.797811126708984375e+02
-1.744051971435546875e+02
-1.788954772949218750e+02
-1.767921142578125000e+02
-1.766606140136718750e+02
-1.755359497070312500e+02
-1.705881652832031250e+02
-1.760018768310546875e+02
-1.761741638183593750e+02
-1.738732604980468750e+02
-1.739718322753906250e+02
-1.717059783935546875e+02
-1.696158905029296875e+02
-1.661979675292968750e+02
-1.691347961425781250e+02
-1.689121398925781250e+02
-1.664381561279296875e+02
-1.658354797363281250e+02
-1.623688812255859375e+02
-1.600022888183593750e+02
-1.656543579101562500e+02
-1.625493774414062500e+02
-1.631320190429687500e+02
-1.619709472656250000e+02
-1.635258026123046875e+02
-1.603021545410156250e+02
-1.562661132812500000e+02
-1.583080444335937500e+02
-1.574447326660156250e+02
-1.578903503417968750e+02
-1.583064422607421875e+02
-1.531554260253906250e+02
-1.521013641357421875e+02
-1.523184661865234375e+02
-1.506487426757812500e+02
-1.487297668457031250e+02
-1.506624755859375000e+02
-1.496635437011718750e+02
-1.476319885253906250e+02
-1.494241333007812500e+02
-1.465804138183593750e+02
-1.453227996826171875e+02
-1.440298767089843750e+02
-1.465303955078125000e+02
-1.443755187988281250e+02
-1.426162567138671875e+02
-1.423782958984375000e+02
-1.439933776855468750e+02
-1.417930755615234375e+02
-1.405951843261718750e+02
-1.412034912109375000e+02
-1.394071960449218750e+02
-1.370589294433593750e+02
-1.379693298339843750e+02
-1.346615447998046875e+02
-1.375903930664062500e+02
-1.348414154052734375e+02
-1.354255065917968750e+02
-1.355236663818359375e+02
-1.365722198486328125e+02
-1.325509643554687500e+02
-1.342523040771484375e+02
-1.315849609375000000e+02
-1.323800659179687500e+02
-1.280696868896484375e+02
-1.315528259277343750e+02
-1.291979370117187500e+02
-1.262235717773437500e+02
-1.312061767578125000e+02
-1.299158935546875000e+02
-1.293700561523437500e+02
-1.255879058837890625e+02
-1.275291748046875000e+02
-1.249989013671875000e+02
-1.254720306396484375e+02
-1.241376571655273438e+02
-1.233296127319335938e+02
-1.232543563842773438e+02
-1.218019027709960938e+02
-1.214114227294921875e+02
-1.207526702880859375e+02
-1.207319793701171875e+02
-1.203089294433593750e+02
-1.173922729492187500e+02
-1.185376434326171875e+02
-1.154467773437500000e+02
-1.143341903686523438e+02
-1.141610260009765625e+02
-1.149738998413085938e+02
-1.136876983642578125e+02
-1.136864013671875000e+02
-1.144966278076171875e+02
-1.120177459716796875e+02
-1.140252914428710938e+02
-1.113285140991210938e+02
-1.119602508544921875e+02
-1.132114715576171875e+02
-1.078247299194335938e+02
-1.101766357421875000e+02
-1.090481414794921875e+02
-1.076998519897460938e+02
-1.087076339721679688e+02
-1.067000427246093750e+02
-1.062925033569335938e+02
-1.057219696044921875e+02
-1.074385604858398438e+02
-1.037283859252929688e+02
-1.045436325073242188e+02
-1.014899139404296875e+02
-1.028539962768554688e+02
-1.013000488281250000e+02
-1.018480682373046875e+02
-1.010445785522460938e+02
-1.017791748046875000e+02
-1.008372726440429688e+02
-1.021939697265625000e+02
-1.002510375976562500e+02
-9.742588806152343750e+01
-9.808425140380859375e+01
-9.691014099121093750e+01
-9.854701995849609375e+01
-9.793518066406250000e+01
-9.678466033935546875e+01
-9.696928405761718750e+01
-9.530400848388671875e+01
-9.550601196289062500e+01
-9.410362243652343750e+01
-9.361934661865234375e+01
-9.304482269287109375e+01
-9.292100524902343750e+01
-9.312236022949218750e+01
-9.229956054687500000e+01
-9.155168914794921875e+01
-9.088061523437500000e+01
-9.103846740722656250e+01
-8.993276214599609375e+01
-8.947665405273437500e+01
-8.977376556396484375e+01
-9.013745117187500000e+01
-8.716796875000000000e+01
-8.837445068359375000e+01
-8.764440917968750000e+01
-8.667778015136718750e+01
-8.520559692382812500e+01
-8.551635742187500000e+01
-8.523458862304687500e+01
-8.572908782958984375e+01
-8.545464324951171875e+01
-8.577209472656250000e+01
-8.368653869628906250e+01
-8.518942260742187500e+01
-8.191424560546875000e+01
-8.181169891357421875e+01
-8.108016967773437500e+01
-8.270100402832031250e+01
-8.120769500732421875e+01
-8.026473236083984375e+01
-8.116450500488281250e+01
-8.082192993164062500e+01
-7.911378479003906250e+01
-7.851557922363281250e+01
-7.715368652343750000e+01
-7.813676452636718750e+01
-7.740453338623046875e+01
-7.727563476562500000e+01
-7.698525238037109375e+01
-7.501245117187500000e+01
-7.461880493164062500e+01
-7.671380615234375000e+01
-7.545353698730468750e+01
-7.572716522216796875e+01
-7.334657287597656250e+01
-7.384248352050781250e+01
-7.510018157958984375e+01
-7.205352783203125000e+01
-7.206356811523437500e+01
-7.292687988281250000e+01
-7.184935760498046875e+01
-7.147190856933593750e+01
-7.139938354492187500e+01
-7.195726013183593750e+01
-6.997880554199218750e+01
-7.044755554199218750e+01
-6.949427032470703125e+01
-6.943166351318359375e+01
-6.880084228515625000e+01
-6.994985961914062500e+01
-6.889295959472656250e+01
-6.752315521240234375e+01
-6.673556518554687500e+01
-6.714247894287109375e+01
-6.629266357421875000e+01
-6.663274383544921875e+01
-6.544218444824218750e+01
-6.703575134277343750e+01
-6.655962371826171875e+01
-6.622509765625000000e+01
-6.668230438232421875e+01
-6.469400024414062500e+01
-6.480158996582031250e+01
-6.426139068603515625e+01
-6.480611419677734375e+01
-6.275955200195312500e+01
-6.361571502685546875e+01
-6.239277267456054688e+01
-6.279586791992187500e+01
-6.207501220703125000e+01
-6.210579681396484375e+01
-6.122520446777343750e+01
-6.128202438354492188e+01
-6.045560836791992188e+01
-5.934121704101562500e+01
-6.015110015869140625e+01
-6.011884689331054688e+01
-6.027352142333984375e+01
-5.929824829101562500e+01
-5.909933471679687500e+01
-5.900971221923828125e+01
-5.913386535644531250e+01
-5.792300415039062500e+01
-5.769498825073242188e+01
-5.695370483398437500e+01
-5.796374511718750000e+01
-5.847467041015625000e+01
-5.617086791992187500e+01
-5.698043823242187500e+01
-5.603487396240234375e+01
-5.461620712280273438e+01
-5.543923950195312500e+01
-5.549313354492187500e+01
-5.484639739990234375e+01
-5.527870941162109375e+01
-5.509259033203125000e+01
-5.328355026245117188e+01
-5.371942138671875000e+01
-5.516750335693359375e+01
-5.229632568359375000e+01
-5.278760910034179688e+01
-5.266106414794921875e+01
-5.255671691894531250e+01
-5.288445663452148438e+01
-5.122718048095703125e+01
-5.096147918701171875e+01
-5.033543014526367188e+01
-5.164902877807617188e+01
-5.118835067749023438e+01
-5.078021240234375000e+01
-5.031043624877929688e+01
-4.976769256591796875e+01
-4.999925994873046875e+01
-4.915190887451171875e+01
-4.962205123901367188e+01
-4.864603805541992188e+01
-4.878515625000000000e+01
-4.850608444213867188e+01
-4.750318527221679688e+01
-4.823889923095703125e+01
-4.810096359252929688e+01
-4.771354293823242188e+01
-4.734175872802734375e+01
-4.599040222167968750e+01
-4.673124313354492188e+01
-4.701865768432617188e+01
-4.671428680419921875e+01
-4.606362152099609375e+01
-4.585601806640625000e+01
-4.589006805419921875e+01
-4.481691741943359375e+01
-4.471632003784179688e+01
-4.407360839843750000e+01
-4.433569335937500000e+01
-4.420366668701171875e+01
-4.400907135009765625e+01
-4.375178146362304688e+01
-4.267874145507812500e+01
-4.375234222412109375e+01
-4.260330200195312500e+01
-4.218367004394531250e+01
-4.339242553710937500e+01
-4.267483520507812500e+01
-4.267874145507812500e+01
-4.278110885620117188e+01
-4.240809249877929688e+01
-4.133836746215820312e+01
-4.164591598510742188e+01
-4.115978622436523438e+01
-4.108204650878906250e+01
-4.097767257690429688e+01
-4.041201019287109375e+01
-3.982813262939453125e+01
-4.058628463745117188e+01
-4.044918060302734375e+01
-3.890729522705078125e+01
-4.047121429443359375e+01
-3.892829132080078125e+01
-3.907740020751953125e+01
-3.903276824951171875e+01
-3.888286590576171875e+01
-3.846013641357421875e+01
-3.815899276733398438e+01
-3.838967132568359375e+01
-3.787852478027343750e+01
-3.786501693725585938e+01
-3.749224853515625000e+01
-3.800963973999023438e+01
-3.713304901123046875e+01
-3.634769439697265625e+01
-3.722143173217773438e+01
-3.623072433471679688e+01
-3.658898925781250000e+01
-3.552969360351562500e+01
-3.616851806640625000e+01
-3.559280014038085938e+01
-3.569727325439453125e+01
-3.485365295410156250e+01
-3.560645294189453125e+01
-3.466277694702148438e+01
-3.473001861572265625e+01
-3.406198883056640625e+01
-3.420195770263671875e+01
-3.396819686889648438e+01
-3.438938140869140625e+01
-3.354511642456054688e+01
-3.376962280273437500e+01
-3.421320724487304688e+01
-3.353963851928710938e+01
-3.350235748291015625e+01
-3.206728363037109375e+01
-3.294489288330078125e+01
-3.186777877807617188e+01
-3.236171722412109375e+01
-3.253143310546875000e+01
-3.238932418823242188e+01
-3.253619003295898438e+01
-3.216465759277343750e+01
-3.137590789794921875e+01
-3.143560028076171875e+01
-3.148369979858398438e+01
-3.117218589782714844e+01
-3.070480918884277344e+01
-3.110452270507812500e+01
-2.973301696777343750e+01
-3.053194236755371094e+01
-2.943476867675781250e+01
-2.952597045898437500e+01
-2.952605819702148438e+01
-2.954273605346679688e+01
-2.976036071777343750e+01
-2.903666305541992188e+01
-2.928581237792968750e+01
-2.939834594726562500e+01
-2.933645629882812500e+01
-2.909887313842773438e+01
-2.884347343444824219e+01
-2.785525131225585938e+01
-2.789655685424804688e+01
-2.784675598144531250e+01
-2.732623291015625000e+01
-2.772269821166992188e+01
-2.754156112670898438e+01
-2.759177970886230469e+01
-2.730358505249023438e+01
-2.750023269653320312e+01
-2.739031982421875000e+01
-2.698253631591796875e+01
-2.703647994995117188e+01
-2.666346740722656250e+01
-2.615069198608398438e+01
-2.602924728393554688e+01
-2.621695518493652344e+01
-2.619734764099121094e+01
-2.630371093750000000e+01
-2.578280639648437500e+01
-2.579520416259765625e+01
-2.534559631347656250e+01
-2.540702819824218750e+01
-2.508499145507812500e+01
-2.535574913024902344e+01
-2.520973777770996094e+01
-2.481949424743652344e+01
-2.500683593750000000e+01
-2.452396774291992188e+01
-2.444205856323242188e+01
-2.449099731445312500e+01
-2.431998252868652344e+01
-2.451079368591308594e+01
-2.451313400268554688e+01
-2.435716819763183594e+01
-2.418927574157714844e+01
-2.393650436401367188e+01
-2.388776016235351562e+01
-2.374750900268554688e+01
-2.418408203125000000e+01
-2.305992126464843750e+01
-2.325795555114746094e+01
-2.359788131713867188e+01
-2.298367881774902344e+01
-2.232075500488281250e+01
-2.267802429199218750e+01
-2.241370964050292969e+01
-2.234841156005859375e+01
-2.209231948852539062e+01
-2.226966857910156250e+01
-2.180245208740234375e+01
-2.227723693847656250e+01
-2.208026123046875000e+01
-2.154929733276367188e+01
-2.147772216796875000e+01
-2.154000854492187500e+01
-2.145231246948242188e+01
-2.166848373413085938e+01
-2.116569519042968750e+01
-2.092192077636718750e+01
-2.094492530822753906e+01
-2.081157302856445312e+01
-2.069240951538085938e+01
-2.084446334838867188e+01
-2.077397918701171875e+01
-2.056681823730468750e+01
-2.036653518676757812e+01
-2.016200828552246094e+01
-2.039027786254882812e+01
-1.996816825866699219e+01
-2.003063011169433594e+01
-1.953787422180175781e+01
-1.973778533935546875e+01
-2.015447998046875000e+01
-1.971807861328125000e+01
-1.953661727905273438e+01
-1.925976943969726562e+01
-1.915361785888671875e+01
-1.890298461914062500e+01
-1.894079589843750000e+01
-1.883161544799804688e+01
-1.930571746826171875e+01
-1.850481605529785156e+01
-1.887339591979980469e+01
-1.883845329284667969e+01
-1.830171966552734375e+01
-1.886152458190917969e+01
-1.811690330505371094e+01
-1.811891174316406250e+01
-1.831167602539062500e+01
-1.817039489746093750e+01
-1.806823730468750000e+01
-1.799558639526367188e+01
-1.767442893981933594e+01
-1.746400070190429688e+01
-1.778933525085449219e+01
-1.732328796386718750e+01
-1.739304924011230469e+01
-1.748176193237304688e+01
-1.698708915710449219e+01
-1.729719352722167969e+01
-1.688125991821289062e+01
-1.704548645019531250e+01
-1.679139709472656250e+01
-1.642002868652343750e+01
-1.661258316040039062e+01
-1.682936859130859375e+01
-1.645469093322753906e+01
-1.608874320983886719e+01
-1.625304412841796875e+01
-1.639502716064453125e+01
-1.616613769531250000e+01
-1.606410980224609375e+01
-1.608765029907226562e+01
-1.607572937011718750e+01
-1.582199859619140625e+01
-1.591033744812011719e+01
-1.570166587829589844e+01
-1.567340660095214844e+01
-1.552479076385498047e+01
-1.546638870239257812e+01
-1.538434886932373047e+01
-1.505333995819091797e+01
-1.508551311492919922e+01
-1.487597179412841797e+01
-1.516450023651123047e+01
-1.513194465637207031e+01
-1.482859325408935547e+01
-1.495523357391357422e+01
-1.495272636413574219e+01
-1.464338493347167969e+01
-1.453913688659667969e+01
-1.459575462341308594e+01
-1.452514934539794922e+01
-1.440042400360107422e+01
-1.406228923797607422e+01
-1.375372314453125000e+01
-1.422319602966308594e+01
-1.402654266357421875e+01
-1.398079490661621094e+01
-1.399650096893310547e+01
-1.364181804656982422e+01
-1.373305797576904297e+01
-1.379151916503906250e+01
-1.355921745300292969e+01
-1.350143718719482422e+01
-1.330884170532226562e+01
-1.331852245330810547e+01
-1.321201610565185547e+01
-1.323495388031005859e+01
-1.313578319549560547e+01
-1.312555694580078125e+01
-1.309384918212890625e+01
-1.305448150634765625e+01
-1.264734649658203125e+01
-1.262939739227294922e+01
-1.293301677703857422e+01
-1.289085292816162109e+01
-1.256680965423583984e+01
-1.265568923950195312e+01
-1.273549175262451172e+01
-1.264147472381591797e+01
-1.233619880676269531e+01
-1.240505790710449219e+01
-1.216116905212402344e+01
-1.228900814056396484e+01
-1.224699401855468750e+01
-1.187456703186035156e+01
-1.197650718688964844e+01
-1.190216636657714844e+01
-1.187718772888183594e+01
-1.171797466278076172e+01
-1.191204261779785156e+01
-1.172157478332519531e+01
-1.154024410247802734e+01
-1.143153190612792969e+01
-1.161228084564208984e+01
-1.135787963867187500e+01
-1.150447750091552734e+01
-1.122090911865234375e+01
-1.149437999725341797e+01
-1.113348770141601562e+01
-1.102436637878417969e+01
-1.101511955261230469e+01
-1.125613975524902344e+01
-1.087364196777343750e+01
-1.113145828247070312e+01
-1.105333518981933594e+01
-1.088512420654296875e+01
-1.081948661804199219e+01
-1.090482139587402344e+01
-1.077032470703125000e+01
-1.057370376586914062e+01
-1.071783256530761719e+01
-1.061373710632324219e+01
-1.055338954925537109e+01
-1.035133743286132812e+01
-1.049242401123046875e+01
-9.896978378295898438e+00
-1.015170478820800781e+01
-1.022452831268310547e+01
-1.001947402954101562e+01
-9.950377464294433594e+00
-1.003853034973144531e+01
-9.994472503662109375e+00
-9.976314544677734375e+00
-9.989749908447265625e+00
-9.895387649536132812e+00
-9.897250175476074219e+00
-9.751631736755371094e+00
-9.819499969482421875e+00
-9.464060783386230469e+00
-9.542594909667968750e+00
-9.624582290649414062e+00
-9.571094512939453125e+00
-9.513731956481933594e+00
-9.309671401977539062e+00
-9.359208106994628906e+00
-9.061530113220214844e+00
-9.417200088500976562e+00
-9.228954315185546875e+00
-9.183295249938964844e+00
-9.042802810668945312e+00
-8.981664657592773438e+00
-8.962503433227539062e+00
-8.691514968872070312e+00
-8.976923942565917969e+00
-8.800578117370605469e+00
-8.863165855407714844e+00
-8.663003921508789062e+00
-8.457148551940917969e+00
-8.743673324584960938e+00
-8.363126754760742188e+00
-8.531267166137695312e+00
-8.442434310913085938e+00
-8.335964202880859375e+00
-8.493194580078125000e+00
-8.354954719543457031e+00
-8.448780059814453125e+00
-8.125959396362304688e+00
-8.334953308105468750e+00
-8.170673370361328125e+00
-7.977664947509765625e+00
-8.181514739990234375e+00
-7.921999931335449219e+00
-8.193920135498046875e+00
-8.071101188659667969e+00
-7.749991416931152344e+00
-7.897481441497802734e+00
-7.891578674316406250e+00
-7.878668785095214844e+00
-7.710734367370605469e+00
-7.738187789916992188e+00
-7.721606254577636719e+00
-7.671800136566162109e+00
-7.694586753845214844e+00
-7.419765472412109375e+00
-7.586482048034667969e+00
-7.343354701995849609e+00
-7.556669235229492188e+00
-7.397979736328125000e+00
-7.436762809753417969e+00
-7.284493923187255859e+00
-7.448337554931640625e+00
-7.317037105560302734e+00
-7.284416198730468750e+00
-7.225647926330566406e+00
-7.314421653747558594e+00
-7.062095642089843750e+00
-7.085115432739257812e+00
-6.983769893646240234e+00
-7.092450618743896484e+00
-6.910029411315917969e+00
-6.996434688568115234e+00
-6.777295589447021484e+00
-6.795838832855224609e+00
-6.821439743041992188e+00
-6.650916099548339844e+00
-6.760802268981933594e+00
-6.604353904724121094e+00
-6.747281551361083984e+00
-6.754788875579833984e+00
-6.501708984375000000e+00
-6.650778770446777344e+00
-6.491652488708496094e+00
-6.539981842041015625e+00
-6.323451995849609375e+00
-6.440226554870605469e+00
-6.407762050628662109e+00
-6.367051601409912109e+00
-6.337787628173828125e+00
-6.202521800994873047e+00
-6.193884849548339844e+00
-6.230485439300537109e+00
-6.186120510101318359e+00
-5.970790386199951172e+00
-6.065932750701904297e+00
-6.087081909179687500e+00
-6.018885612487792969e+00
-6.006116390228271484e+00
-6.043351650238037109e+00
-5.877014160156250000e+00
-5.877739906311035156e+00
-5.892884731292724609e+00
-5.991554260253906250e+00
-5.842864036560058594e+00
-5.870442867279052734e+00
-5.795066833496093750e+00
-5.820793151855468750e+00
-5.753201484680175781e+00
-5.655086517333984375e+00
-5.627294063568115234e+00
-5.677857875823974609e+00
-5.471625328063964844e+00
-5.745441436767578125e+00
-5.548110008239746094e+00
-5.413212776184082031e+00
-5.519233226776123047e+00
-5.381595611572265625e+00
-5.401835441589355469e+00
-5.398913860321044922e+00
-5.415687561035156250e+00
-5.434345245361328125e+00
-5.300536155700683594e+00
-5.282187461853027344e+00
-5.308840751647949219e+00
-5.205688476562500000e+00
-5.246079444885253906e+00
-5.124303817749023438e+00
-5.067011833190917969e+00
-5.066646575927734375e+00
-5.087179183959960938e+00
-5.035028457641601562e+00
-4.833412170410156250e+00
-5.068428039550781250e+00
-5.012234687805175781e+00
-5.004860877990722656e+00
-4.987771511077880859e+00
-4.775485038757324219e+00
-4.906663894653320312e+00
-4.880716323852539062e+00
-4.858327865600585938e+00
-4.728263378143310547e+00
-4.768580913543701172e+00
-4.733666419982910156e+00
-4.721323966979980469e+00
-4.717156887054443359e+00
-4.673999786376953125e+00
-4.622686386108398438e+00
-4.594947338104248047e+00
-4.621169567108154297e+00
-4.599040985107421875e+00
-4.545399665832519531e+00
-4.573134422302246094e+00
-4.567405700683593750e+00
-4.598744869232177734e+00
-4.515037536621093750e+00
-4.523591518402099609e+00
-4.438142776489257812e+00
-4.470201492309570312e+00
-4.420357704162597656e+00
-4.336758613586425781e+00
-4.318116188049316406e+00
-4.332797527313232422e+00
-4.371319770812988281e+00
-4.297836303710937500e+00
-4.320712566375732422e+00
-4.305431842803955078e+00
-4.332292079925537109e+00
-4.239861965179443359e+00
-4.186939239501953125e+00
-4.166123867034912109e+00
-4.149323940277099609e+00
-4.114958763122558594e+00
-4.153459072113037109e+00
-4.077178955078125000e+00
-4.111233711242675781e+00
-3.962940216064453125e+00
-4.062808513641357422e+00
-3.918469429016113281e+00
-3.990881681442260742e+00
-4.024683475494384766e+00
-3.976438045501708984e+00
-3.995107173919677734e+00
-3.904642820358276367e+00
-3.835792541503906250e+00
-3.814356565475463867e+00
-3.839902400970458984e+00
-3.857131958007812500e+00
-3.876956939697265625e+00
-3.773987531661987305e+00
-3.701341629028320312e+00
-3.725102901458740234e+00
-3.647735595703125000e+00
-3.752309560775756836e+00
-3.682001113891601562e+00
-3.611923933029174805e+00
-3.601011991500854492e+00
-3.689609527587890625e+00
-3.588005542755126953e+00
-3.496187210083007812e+00
-3.557777404785156250e+00
-3.528146743774414062e+00
-3.547309398651123047e+00
-3.527641296386718750e+00
-3.498846054077148438e+00
-3.511023998260498047e+00
-3.495489835739135742e+00
-3.331472396850585938e+00
-3.398054838180541992e+00
-3.426738739013671875e+00
-3.357990264892578125e+00
-3.330243825912475586e+00
-3.375843048095703125e+00
-3.382827520370483398e+00
-3.227961540222167969e+00
-3.334977626800537109e+00
-3.301292896270751953e+00
-3.283044815063476562e+00
-3.263155698776245117e+00
-3.198839187622070312e+00
-3.137525081634521484e+00
-3.157997131347656250e+00
-3.162149906158447266e+00
-3.161718368530273438e+00
-3.106862783432006836e+00
-3.200736999511718750e+00
-3.129532575607299805e+00
-3.115613937377929688e+00
-3.032166957855224609e+00
-3.008974075317382812e+00
-3.068809032440185547e+00
-3.058125495910644531e+00
-3.041413068771362305e+00
-3.041597366333007812e+00
-2.965064525604248047e+00
-3.000293731689453125e+00
-2.994887828826904297e+00
-2.882873058319091797e+00
-2.941201686859130859e+00
-2.965231418609619141e+00
-2.897568225860595703e+00
-2.939211368560791016e+00
-2.879394531250000000e+00
-2.862318754196166992e+00
-2.815856933593750000e+00
-2.870738744735717773e+00
-2.830940961837768555e+00
-2.668921232223510742e+00
-2.796821594238281250e+00
-2.828426361083984375e+00
-2.717599391937255859e+00
-2.699757337570190430e+00
-2.715591430664062500e+00
-2.674228191375732422e+00
-2.644254207611083984e+00
-2.696178436279296875e+00
-2.688852310180664062e+00
-2.719377040863037109e+00
-2.643209218978881836e+00
-2.660582304000854492e+00
-2.658083915710449219e+00
-2.628759860992431641e+00
-2.578279018402099609e+00
-2.595893621444702148e+00
-2.558151960372924805e+00
-2.585133075714111328e+00
-2.536992549896240234e+00
-2.489215373992919922e+00
-2.501262426376342773e+00
-2.492242336273193359e+00
-2.493950605392456055e+00
-2.457681179046630859e+00
-2.452365636825561523e+00
-2.448928356170654297e+00
-2.478168964385986328e+00
-2.427760362625122070e+00
-2.339082479476928711e+00
-2.410486936569213867e+00
-2.338999271392822266e+00
-2.396189451217651367e+00
-2.377780675888061523e+00
-2.307431697845458984e+00
-2.295749425888061523e+00
-2.344156980514526367e+00
-2.294939994812011719e+00
-2.303047180175781250e+00
-2.273881912231445312e+00
-2.267992019653320312e+00
-2.244628429412841797e+00
-2.256263256072998047e+00
-2.248034000396728516e+00
-2.271944999694824219e+00
-2.210825681686401367e+00
-2.200189113616943359e+00
-2.215429782867431641e+00
-2.177361726760864258e+00
-2.107097148895263672e+00
-2.191378831863403320e+00
-2.123796463012695312e+00
-2.088869094848632812e+00
-2.134334325790405273e+00
-2.126701831817626953e+00
-2.092307090759277344e+00
-2.083992958068847656e+00
-2.099089622497558594e+00
-2.067430973052978516e+00
-2.038244724273681641e+00
-2.025177001953125000e+00
-2.042512655258178711e+00
-2.025870084762573242e+00
-2.000354290008544922e+00
-1.999635457992553711e+00
-2.038082599639892578e+00
-1.963411331176757812e+00
-2.003299951553344727e+00
-1.927244186401367188e+00
-1.934408903121948242e+00
-1.940648794174194336e+00
-1.957262873649597168e+00
-1.920350909233093262e+00
-1.892202854156494141e+00
-1.903339862823486328e+00
-1.925230383872985840e+00
-1.904189467430114746e+00
-1.922537684440612793e+00
-1.890158653259277344e+00
-1.878932356834411621e+00
-1.866558790206909180e+00
-1.838325023651123047e+00
-1.842040419578552246e+00
-1.785455107688903809e+00
-1.834967374801635742e+00
-1.832159996032714844e+00
-1.816257476806640625e+00
-1.815163135528564453e+00
-1.765771150588989258e+00
-1.753759622573852539e+00
-1.764194846153259277e+00
-1.745505094528198242e+00
-1.763354063034057617e+00
-1.712943434715270996e+00
-1.745484709739685059e+00
-1.701802015304565430e+00
-1.720222473144531250e+00
-1.721772909164428711e+00
-1.710434198379516602e+00
-1.686490416526794434e+00
-1.695587515830993652e+00
-1.660980224609375000e+00
-1.679572105407714844e+00
-1.645776748657226562e+00
-1.661702513694763184e+00
-1.647517204284667969e+00
-1.610385894775390625e+00
-1.592919707298278809e+00
-1.593410253524780273e+00
-1.590746879577636719e+00
-1.608778953552246094e+00
-1.605187177658081055e+00
-1.569775938987731934e+00
-1.597035408020019531e+00
-1.546376705169677734e+00
-1.563233613967895508e+00
-1.544895410537719727e+00
-1.538099050521850586e+00
-1.521503448486328125e+00
-1.540293097496032715e+00
-1.471529006958007812e+00
-1.467294573783874512e+00
-1.465974569320678711e+00
-1.501697897911071777e+00
-1.459822416305541992e+00
-1.437437891960144043e+00
-1.455295562744140625e+00
-1.462697982788085938e+00
-1.414506912231445312e+00
-1.432105064392089844e+00
-1.416841864585876465e+00
-1.426539421081542969e+00
-1.441256284713745117e+00
-1.402059912681579590e+00
-1.387365579605102539e+00
-1.378040313720703125e+00
-1.397233843803405762e+00
-1.392242670059204102e+00
-1.389404296875000000e+00
-1.343791723251342773e+00
-1.357460737228393555e+00
-1.343448996543884277e+00
-1.327902317047119141e+00
-1.310515165328979492e+00
-1.304320693016052246e+00
-1.330428123474121094e+00
-1.307851314544677734e+00
-1.325663924217224121e+00
-1.308184266090393066e+00
-1.320110082626342773e+00
-1.261262655258178711e+00
-1.277143120765686035e+00
-1.298567295074462891e+00
-1.265953063964843750e+00
-1.264756917953491211e+00
-1.267121553421020508e+00
-1.235478997230529785e+00
-1.235274791717529297e+00
-1.253695964813232422e+00
-1.233057379722595215e+00
-1.234608411788940430e+00
-1.215055346488952637e+00
-1.217282652854919434e+00
-1.220781803131103516e+00
-1.186772346496582031e+00
-1.175139188766479492e+00
-1.173710942268371582e+00
-1.183491230010986328e+00
-1.178564548492431641e+00
-1.160004615783691406e+00
-1.163757205009460449e+00
-1.135625839233398438e+00
-1.133798360824584961e+00
-1.121383428573608398e+00
-1.148007750511169434e+00
-1.131987333297729492e+00
-1.123932242393493652e+00
-1.111069083213806152e+00
-1.116004467010498047e+00
-1.097605466842651367e+00
-1.109596014022827148e+00
-1.090260267257690430e+00
-1.074469447135925293e+00
-1.114251136779785156e+00
-1.080478072166442871e+00
-1.085602164268493652e+00
-1.058023214340209961e+00
-1.061530470848083496e+00
-1.063661694526672363e+00
-1.053913354873657227e+00
-1.045861244201660156e+00
-1.055387496948242188e+00
-1.044620037078857422e+00
-1.022643923759460449e+00
-1.013733267784118652e+00
-1.025756597518920898e+00
-1.017488956451416016e+00
-1.018181920051574707e+00
-9.925791621208190918e-01
-1.010292768478393555e+00
-1.002640128135681152e+00
-9.926151037216186523e-01
-9.899947047233581543e-01
-9.784786105155944824e-01
-9.651756286621093750e-01
-9.794027209281921387e-01
-9.836591482162475586e-01
-9.506402015686035156e-01
-9.676403999328613281e-01
-9.665617942810058594e-01
-9.369587898254394531e-01
-9.340332746505737305e-01
-9.263209104537963867e-01
-9.294103384017944336e-01
-9.122022390365600586e-01
-9.203664660453796387e-01
-9.285528063774108887e-01
-8.898159861564636230e-01
-9.032526016235351562e-01
-9.120115041732788086e-01
-9.103341102600097656e-01
-8.807363510131835938e-01
-8.643703460693359375e-01
-8.821781873703002930e-01
-8.676475286483764648e-01
-8.693013191223144531e-01
-8.623509407043457031e-01
-8.450046777725219727e-01
-8.658319711685180664e-01
-8.564139604568481445e-01
-8.402088880538940430e-01
-8.501276969909667969e-01
-8.371616601943969727e-01
-8.141435384750366211e-01
-8.320664167404174805e-01
-8.253812193870544434e-01
-8.065211772918701172e-01
-8.044630885124206543e-01
-8.164393901824951172e-01
-8.142203092575073242e-01
-7.773882746696472168e-01
-7.940413355827331543e-01
-8.057200312614440918e-01
-7.821668386459350586e-01
-8.005026578903198242e-01
-7.880312800407409668e-01
-7.817683219909667969e-01
-7.755492925643920898e-01
-7.742106318473815918e-01
-7.735284566879272461e-01
-7.658661603927612305e-01
-7.663083076477050781e-01
-7.600728869438171387e-01
-7.588903307914733887e-01
-7.387317419052124023e-01
-7.325687408447265625e-01
-7.436832785606384277e-01
-7.277702093124389648e-01
-7.271364927291870117e-01
-7.294752001762390137e-01
-7.233324050903320312e-01
-7.282490730285644531e-01
-7.072772979736328125e-01
-7.186665534973144531e-01
-7.061489820480346680e-01
-7.131502032279968262e-01
-6.989814639091491699e-01
-6.838900446891784668e-01
-6.850991249084472656e-01
-6.894578933715820312e-01
-6.913573145866394043e-01
-6.802089214324951172e-01
-6.885687708854675293e-01
-6.755625009536743164e-01
-6.707078814506530762e-01
-6.628909111022949219e-01
-6.658978462219238281e-01
-6.666852235794067383e-01
-6.537492871284484863e-01
-6.517909765243530273e-01
-6.543056964874267578e-01
-6.409900188446044922e-01
-6.356080770492553711e-01
-6.441796422004699707e-01
-6.258063316345214844e-01
-6.293625831604003906e-01
-6.190399527549743652e-01
-6.276707053184509277e-01
-6.225746870040893555e-01
-6.180962920188903809e-01
-6.176915764808654785e-01
-6.075791120529174805e-01
-5.974069833755493164e-01
-5.958077311515808105e-01
-5.954567193984985352e-01
-5.905750989913940430e-01
-5.795093774795532227e-01
-5.825230479240417480e-01
-5.709261894226074219e-01
-5.762125253677368164e-01
-5.735225081443786621e-01
-5.649749636650085449e-01
-5.701397657394409180e-01
-5.628710985183715820e-01
-5.601742267608642578e-01
-5.552862882614135742e-01
-5.503590106964111328e-01
-5.460664629936218262e-01
-5.472249388694763184e-01
-5.374233722686767578e-01
-5.310296416282653809e-01
-5.338882803916931152e-01
-5.329853892326354980e-01
-5.255181193351745605e-01
-5.233097076416015625e-01
-5.232439041137695312e-01
-5.160467624664306641e-01
-5.186834335327148438e-01
-5.140878558158874512e-01
-5.111739039421081543e-01
-5.126039385795593262e-01
-5.030838847160339355e-01
-5.043644905090332031e-01
-4.985529184341430664e-01
-4.929470419883728027e-01
-4.986848831176757812e-01
-4.898004531860351562e-01
-4.886435866355895996e-01
-4.861499667167663574e-01
-4.882466197013854980e-01
-4.833608567714691162e-01
-4.818651080131530762e-01
-4.825817048549652100e-01
-4.757925868034362793e-01
-4.740447998046875000e-01
-4.714981913566589355e-01
-4.692873358726501465e-01
-4.633427560329437256e-01
-4.659653604030609131e-01
-4.577677249908447266e-01
-4.588653445243835449e-01
-4.524704813957214355e-01
-4.466747641563415527e-01
-4.552584588527679443e-01
-4.516000747680664062e-01
-4.489086568355560303e-01
-4.469794631004333496e-01
-4.458642601966857910e-01
-4.443726539611816406e-01
-4.379914999008178711e-01
-4.350567758083343506e-01
-4.274033904075622559e-01
-4.284455776214599609e-01
-4.260997176170349121e-01
-4.302859306335449219e-01
-4.231368899345397949e-01
-4.260714948177337646e-01
-4.231012463569641113e-01
-4.211945533752441406e-01
-4.179759919643402100e-01
-4.165171086788177490e-01
-4.188770651817321777e-01
-4.148282408714294434e-01
-4.092529714107513428e-01
-4.095076024532318115e-01
-4.076089859008789062e-01
-4.056450724601745605e-01
-4.053099155426025391e-01
-4.046338498592376709e-01
-4.011332988739013672e-01
-4.012747704982757568e-01
-3.959543704986572266e-01
-3.940109610557556152e-01
-3.901762366294860840e-01
-3.913432955741882324e-01
-3.898385167121887207e-01
-3.889966905117034912e-01
-3.849753737449645996e-01
-3.849287927150726318e-01
-3.820247054100036621e-01
-3.784506022930145264e-01
-3.791437149047851562e-01
-3.740316331386566162e-01
-3.752621114253997803e-01
-3.704221844673156738e-01
-3.702321946620941162e-01
-3.682650029659271240e-01
-3.681089282035827637e-01
-3.615324497222900391e-01
-3.602662086486816406e-01
-3.614973425865173340e-01
-3.607092797756195068e-01
-3.604577481746673584e-01
-3.586359620094299316e-01
-3.569548130035400391e-01
-3.517327010631561279e-01
-3.486710488796234131e-01
-3.481684625148773193e-01
-3.463692069053649902e-01
-3.459037244319915771e-01
-3.451717793941497803e-01
-3.441228270530700684e-01
-3.418944478034973145e-01
-3.402507305145263672e-01
-3.376057147979736328e-01
-3.342545926570892334e-01
-3.327418267726898193e-01
-3.302910327911376953e-01
-3.307373225688934326e-01
-3.288174271583557129e-01
-3.271021246910095215e-01
-3.259117603302001953e-01
-3.238718509674072266e-01
-3.225379586219787598e-01
-3.198846578598022461e-01
-3.178953528404235840e-01
-3.177288174629211426e-01
-3.166616857051849365e-01
-3.165684342384338379e-01
-3.148031234741210938e-01
-3.104053139686584473e-01
-3.079234957695007324e-01
-3.093129098415374756e-01
-3.063746094703674316e-01
-3.067715764045715332e-01
-3.035936653614044189e-01
-3.019868731498718262e-01
-2.990137338638305664e-01
-3.006577491760253906e-01
-2.954299151897430420e-01
-2.957818210124969482e-01
-2.962175309658050537e-01
-2.926466763019561768e-01
-2.898069024085998535e-01
-2.891790270805358887e-01
-2.876091897487640381e-01
-2.867835462093353271e-01
-2.849436998367309570e-01
-2.820161581039428711e-01
-2.836341261863708496e-01
-2.816486358642578125e-01
-2.807859182357788086e-01
-2.795981764793395996e-01
-2.781908512115478516e-01
-2.750550508499145508e-01
-2.741161584854125977e-01
-2.733688950538635254e-01
-2.701085507869720459e-01
-2.693738639354705811e-01
-2.707048356533050537e-01
-2.659689188003540039e-01
-2.665843963623046875e-01
-2.648970782756805420e-01
-2.628366649150848389e-01
-2.620530724525451660e-01
-2.594771087169647217e-01
-2.596803605556488037e-01
-2.566257119178771973e-01
-2.588033676147460938e-01
-2.555286288261413574e-01
-2.547662854194641113e-01
-2.514080405235290527e-01
-2.492956817150115967e-01
-2.504386603832244873e-01
-2.476515471935272217e-01
-2.468350231647491455e-01
-2.461374998092651367e-01
-2.443849742412567139e-01
-2.446225881576538086e-01
-2.408966720104217529e-01
-2.407430112361907959e-01
-2.419552803039550781e-01
-2.396745383739471436e-01
-2.394107282161712646e-01
-2.341090440750122070e-01
-2.364832162857055664e-01
-2.331891506910324097e-01
-2.282763719558715820e-01
-2.326680123805999756e-01
-2.328345030546188354e-01
-2.285123318433761597e-01
-2.284171581268310547e-01
-2.265401780605316162e-01
-2.266161888837814331e-01
-2.229520976543426514e-01
-2.242649495601654053e-01
-2.233756780624389648e-01
-2.217580080032348633e-01
-2.214563786983489990e-01
-2.205048799514770508e-01
-2.194401323795318604e-01
-2.174765318632125854e-01
-2.154786586761474609e-01
-2.160122692584991455e-01
-2.153542488813400269e-01
-2.114662826061248779e-01
-2.099282741546630859e-01
-2.121810913085937500e-01
-2.091237008571624756e-01
-2.095754593610763550e-01
-2.074164152145385742e-01
-2.084652483463287354e-01
-2.057717293500900269e-01
-2.046397924423217773e-01
-2.033205926418304443e-01
-2.020677626132965088e-01
-2.002977579832077026e-01
-2.015361785888671875e-01
-1.993704885244369507e-01
-1.990133225917816162e-01
-1.980559527873992920e-01
-1.962339282035827637e-01
-1.929071992635726929e-01
-1.925429552793502808e-01
-1.952851265668869019e-01
-1.902309358119964600e-01
-1.913359612226486206e-01
-1.920189559459686279e-01
-1.909871548414230347e-01
-1.882191896438598633e-01
-1.870944947004318237e-01
-1.859468668699264526e-01
-1.854104697704315186e-01
-1.866077482700347900e-01
-1.857532858848571777e-01
-1.851414889097213745e-01
-1.810390949249267578e-01
-1.808602511882781982e-01
-1.810145676136016846e-01
-1.809885352849960327e-01
-1.793154925107955933e-01
-1.796146631240844727e-01
-1.784024238586425781e-01
-1.753913760185241699e-01
-1.737577170133590698e-01
-1.738906800746917725e-01
-1.744451522827148438e-01
-1.730640381574630737e-01
-1.727707982063293457e-01
-1.707013845443725586e-01
-1.698238253593444824e-01
-1.705928444862365723e-01
-1.693843305110931396e-01
-1.653406471014022827e-01
-1.654895246028900146e-01
-1.645979583263397217e-01
-1.626105755567550659e-01
-1.624704450368881226e-01
-1.628968119621276855e-01
-1.633508503437042236e-01
-1.602245271205902100e-01
-1.622117459774017334e-01
-1.588254421949386597e-01
-1.608824431896209717e-01
-1.575665920972824097e-01
-1.586352288722991943e-01
-1.561979055404663086e-01
-1.539824903011322021e-01
-1.557109355926513672e-01
-1.525316536426544189e-01
-1.530354917049407959e-01
-1.537200212478637695e-01
-1.503519713878631592e-01
-1.507750451564788818e-01
-1.513311117887496948e-01
-1.501035094261169434e-01
-1.496636122465133667e-01
-1.483849287033081055e-01
-1.491767615079879761e-01
-1.467412710189819336e-01
-1.452849209308624268e-01
-1.450803726911544800e-01
-1.449335515499114990e-01
-1.434361338615417480e-01
-1.440552175045013428e-01
-1.432848274707794189e-01
-1.432415097951889038e-01
-1.409897059202194214e-01
-1.405076980590820312e-01
-1.388116776943206787e-01
-1.393604129552841187e-01
-1.387926191091537476e-01
-1.375486701726913452e-01
-1.370055526494979858e-01
-1.365271806716918945e-01
-1.359480023384094238e-01
-1.327888369560241699e-01
-1.350526809692382812e-01
-1.330245435237884521e-01
-1.341744512319564819e-01
-1.330999135971069336e-01
-1.325253695249557495e-01
-1.321084201335906982e-01
-1.300859898328781128e-01
-1.288460791110992432e-01
-1.293102353811264038e-01
-1.279977411031723022e-01
-1.281922906637191772e-01
-1.292260587215423584e-01
-1.271770298480987549e-01
-1.251634806394577026e-01
-1.251822412014007568e-01
-1.244088709354400635e-01
-1.240027993917465210e-01
-1.229487285017967224e-01
-1.217743977904319763e-01
-1.225607842206954956e-01
-1.213037967681884766e-01
-1.202364563941955566e-01
-1.200091689825057983e-01
-1.191881895065307617e-01
-1.182284802198410034e-01
-1.200589761137962341e-01
-1.177548170089721680e-01
-1.174514144659042358e-01
-1.168733462691307068e-01
-1.167990118265151978e-01
-1.152424439787864685e-01
-1.126772016286849976e-01
-1.147801280021667480e-01
-1.143286451697349548e-01
-1.121205836534500122e-01
-1.131499409675598145e-01
-1.120842546224594116e-01
-1.108379960060119629e-01
-1.114224418997764587e-01
-1.083176732063293457e-01
-1.096688508987426758e-01
-1.109856814146041870e-01
-1.084899157285690308e-01
-1.086829826235771179e-01
-1.085558757185935974e-01
-1.087662205100059509e-01
-1.066813096404075623e-01
-1.065390408039093018e-01
-1.054020971059799194e-01
-1.070961952209472656e-01
-1.056708618998527527e-01
-1.050909310579299927e-01
-1.041232571005821228e-01
-1.020454391837120056e-01
-1.023864001035690308e-01
-1.032524928450584412e-01
-1.020803377032279968e-01
-1.006184816360473633e-01
-1.009255498647689819e-01
-1.005647182464599609e-01
-9.917858242988586426e-02
-9.932440519332885742e-02
-9.805582463741302490e-02
-9.823801368474960327e-02
-9.790253639221191406e-02
-9.623270481824874878e-02
-9.617619216442108154e-02
-9.528395533561706543e-02
-9.695585817098617554e-02
-9.609329700469970703e-02
-9.465565532445907593e-02
-9.252709150314331055e-02
-9.431102126836776733e-02
-9.319176524877548218e-02
-9.245177358388900757e-02
-9.163092076778411865e-02
-9.076027572154998779e-02
-9.042857587337493896e-02
-9.012629836797714233e-02
-9.099023044109344482e-02
-8.969952166080474854e-02
-9.018786996603012085e-02
-9.059669077396392822e-02
-8.853663504123687744e-02
-8.761416375637054443e-02
-8.737619966268539429e-02
-8.763282001018524170e-02
-8.699929714202880859e-02
-8.617957681417465210e-02
-8.551214635372161865e-02
-8.576752990484237671e-02
-8.576407283544540405e-02
-8.536591380834579468e-02
-8.495819568634033203e-02
-8.406822383403778076e-02
-8.427254855632781982e-02
-8.213560283184051514e-02
-8.282950520515441895e-02
-8.252364397048950195e-02
-8.125468343496322632e-02
-8.045685291290283203e-02
-8.046910166740417480e-02
-8.111044019460678101e-02
-8.004830777645111084e-02
-7.999175041913986206e-02
-7.932204008102416992e-02
-7.896577566862106323e-02
-7.871668040752410889e-02
-7.821889221668243408e-02
-7.758678495883941650e-02
-7.782556116580963135e-02
-7.598131895065307617e-02
-7.672887295484542847e-02
-7.520245015621185303e-02
-7.587610185146331787e-02
-7.492178678512573242e-02
-7.392212748527526855e-02
-7.483550906181335449e-02
-7.323449105024337769e-02
-7.384116947650909424e-02
-7.385372370481491089e-02
-7.314430922269821167e-02
-7.288800179958343506e-02
-7.170239090919494629e-02
-7.275675237178802490e-02
-7.193860411643981934e-02
-7.039159536361694336e-02
-7.053842395544052124e-02
-7.193671911954879761e-02
-7.046850770711898804e-02
-6.867896765470504761e-02
-7.032372802495956421e-02
-6.865952908992767334e-02
-6.846521794795989990e-02
-6.774668395519256592e-02
-6.751079857349395752e-02
-6.810557842254638672e-02
-6.830351799726486206e-02
-6.764429807662963867e-02
-6.816402077674865723e-02
-6.685677915811538696e-02
-6.438757479190826416e-02
-6.595401465892791748e-02
-6.579177081584930420e-02
-6.485813856124877930e-02
-6.526491045951843262e-02
-6.483744084835052490e-02
-6.326101720333099365e-02
-6.473557651042938232e-02
-6.299845874309539795e-02
-6.302182376384735107e-02
-6.347555667161941528e-02
-6.292316317558288574e-02
-6.313337385654449463e-02
-6.243920326232910156e-02
-6.198871135711669922e-02
-6.250596046447753906e-02
-6.056156754493713379e-02
-5.946061015129089355e-02
-6.085870787501335144e-02
-6.027434393763542175e-02
-5.984299629926681519e-02
-5.915705487132072449e-02
-5.862397700548171997e-02
-5.837108939886093140e-02
-5.824268609285354614e-02
-5.868297070264816284e-02
-5.814339965581893921e-02
-5.789890885353088379e-02
-5.841585993766784668e-02
-5.777693912386894226e-02
-5.661507695913314819e-02
-5.680051073431968689e-02
-5.689185857772827148e-02
-5.687541514635086060e-02
-5.653049796819686890e-02
-5.505364388227462769e-02
-5.539393424987792969e-02
-5.592151731252670288e-02
-5.523945018649101257e-02
-5.372923240065574646e-02
-5.378574132919311523e-02
-5.426682531833648682e-02
-5.426570773124694824e-02
-5.400251597166061401e-02
-5.347497761249542236e-02
-5.299916863441467285e-02
-5.306235700845718384e-02
-5.216895788908004761e-02
-5.180628225207328796e-02
-5.215530097484588623e-02
-5.265884846448898315e-02
-5.029534548521041870e-02
-5.176636576652526855e-02
-5.071964859962463379e-02
-5.081444233655929565e-02
-5.009205266833305359e-02
-5.026864632964134216e-02
-4.908668994903564453e-02
-4.953876137733459473e-02
-4.889931529760360718e-02
-4.872388765215873718e-02
-4.855633899569511414e-02
-4.854192584753036499e-02
-4.795535653829574585e-02
-4.765792191028594971e-02
-4.720702394843101501e-02
-4.799170419573783875e-02
-4.658620804548263550e-02
-4.680100083351135254e-02
-4.765551909804344177e-02
-4.609239101409912109e-02
-4.601892456412315369e-02
-4.645441100001335144e-02
-4.569036513566970825e-02
-4.519077390432357788e-02
-4.406739398837089539e-02
-4.479284584522247314e-02
-4.510690271854400635e-02
-4.565189406275749207e-02
-4.357750341296195984e-02
-4.471623897552490234e-02
-4.417888447642326355e-02
-4.401956126093864441e-02
-4.392648860812187195e-02
-4.363870620727539062e-02
-4.311322420835494995e-02
-4.293897002935409546e-02
-4.248901829123497009e-02
-4.157172143459320068e-02
-4.196529835462570190e-02
-4.242212325334548950e-02
-4.282152652740478516e-02
-4.110335558652877808e-02
-4.131652042269706726e-02
-4.125764220952987671e-02
-4.111973196268081665e-02
-4.113537073135375977e-02
-4.058393463492393494e-02
-3.957653045654296875e-02
-4.033846780657768250e-02
-4.039082676172256470e-02
-3.953395038843154907e-02
-4.047704488039016724e-02
-4.013881832361221313e-02
-3.904892504215240479e-02
-3.875753283500671387e-02
-3.839495405554771423e-02
-3.738753497600555420e-02
-3.839885815978050232e-02
-3.845985233783721924e-02
-3.803215548396110535e-02
-3.875689953565597534e-02
-3.744487091898918152e-02
-3.694888204336166382e-02
-3.792785853147506714e-02
-3.645148873329162598e-02
-3.661892190575599670e-02
-3.663454949855804443e-02
-3.720413893461227417e-02
-3.629550710320472717e-02
-3.558781743049621582e-02
-3.612362593412399292e-02
-3.531124442815780640e-02
-3.535790368914604187e-02
-3.514222428202629089e-02
-3.545874729752540588e-02
-3.598425537347793579e-02
-3.531518578529357910e-02
-3.494492173194885254e-02
-3.501892089843750000e-02
-3.397534042596817017e-02
-3.439831361174583435e-02
-3.463556617498397827e-02
-3.295367583632469177e-02
-3.423099219799041748e-02
-3.370646387338638306e-02
-3.328654170036315918e-02
-3.331831842660903931e-02
-3.322051465511322021e-02
-3.298453241586685181e-02
-3.266551345586776733e-02
-3.083037957549095154e-02
-3.178609907627105713e-02
-3.280273824930191040e-02
-3.212639689445495605e-02
-3.171533346176147461e-02
-3.141313418745994568e-02
-3.165984153747558594e-02
-3.137858957052230835e-02
-3.143981844186782837e-02
-3.099088929593563080e-02
-3.101358935236930847e-02
-3.108653239905834198e-02
-3.047533333301544189e-02
-3.090437315404415131e-02
-3.083047829568386078e-02
-3.070828318595886230e-02
-3.031252883374691010e-02
-2.893569134175777435e-02
-2.960232459008693695e-02
-2.957864105701446533e-02
-2.924237214028835297e-02
-2.826679311692714691e-02
-2.880913019180297852e-02
-2.857863530516624451e-02
-2.832913026213645935e-02
-2.866475656628608704e-02
-2.887636423110961914e-02
-2.894669584929943085e-02
-2.819939516484737396e-02
-2.782471105456352234e-02
-2.758876048028469086e-02
-2.755503356456756592e-02
-2.783936634659767151e-02
