3.272448730468750000e+01
9.974926147460937500e+02
2.249612731933593750e+02
5.734200286865234375e+01
1.442677307128906250e+01
5.080782699584960938e+01
5.120757102966308594e+00
5.350855712890625000e+02
4.921012878417968750e+00
2.852441101074218750e+02
4.726600036621093750e+02
1.525012969970703125e+02
5.233999633789062500e+02
9.292661132812500000e+02
6.503991088867187500e+02
4.982336425781250000e+01
2.153238296508789062e+01
1.054144096374511719e+01
6.000774383544921875e+00
1.295768260955810547e+01
6.918158531188964844e+00
1.366162776947021484e+01
4.374841308593750000e+02
1.377733516693115234e+01
2.812575988769531250e+02
1.830871582031250000e+02
2.068955078125000000e+02
2.903704223632812500e+02
8.488223075866699219e+00
2.888950805664062500e+02
4.229715270996093750e+02
1.199952011108398438e+02
2.912879943847656250e+01
5.988909912109375000e+01
1.138414794921875000e+03
2.857496337890625000e+02
1.131647796630859375e+02
3.467700195312500000e+02
6.599124908447265625e+01
1.902637634277343750e+02
3.340435409545898438e+01
3.869649505615234375e+01
3.332280349731445312e+01
5.932815170288085938e+01
8.439642333984375000e+02
3.968430328369140625e+01
6.675029754638671875e+01
8.693321228027343750e+01
7.079810333251953125e+01
2.685828857421875000e+02
2.916699028015136719e+01
1.281875610351562500e+02
4.396490173339843750e+02
2.759410095214843750e+02
1.958369255065917969e+01
2.539288940429687500e+02
3.919776916503906250e+01
6.914635467529296875e+01
2.571727294921875000e+02
3.441637802124023438e+01
2.324247741699218750e+01
2.418682861328125000e+02
5.709013366699218750e+01
7.634468078613281250e+01
3.922475814819335938e+01
2.470119857788085938e+01
2.525166893005371094e+01
6.014101409912109375e+01
5.198926544189453125e+01
9.967095947265625000e+01
3.037576293945312500e+01
1.340059814453125000e+02
1.266443443298339844e+01
1.062617187500000000e+02
6.134696960449218750e+00
6.941345977783203125e+01
3.884225769042968750e+02
4.143310546875000000e+01
9.451766967773437500e+01
7.058400726318359375e+01
8.082088470458984375e+01
6.807679653167724609e+00
1.528088665008544922e+01
7.848801422119140625e+01
7.023707580566406250e+01
2.171549034118652344e+01
5.572474288940429688e+01
2.319330406188964844e+01
1.285692596435546875e+02
3.583922576904296875e+01
1.607876892089843750e+02
8.969898986816406250e+01
1.693000411987304688e+01
1.323617706298828125e+02
1.514321041107177734e+01
1.681114578247070312e+01
1.094146118164062500e+02
3.005362701416015625e+01
3.744622802734375000e+01
2.290037231445312500e+02
3.183627014160156250e+02
4.603539276123046875e+01
8.309420013427734375e+01
5.969516277313232422e+00
3.172022819519042969e+01
5.684368896484375000e+01
1.140377426147460938e+02
3.841577529907226562e+01
4.890146255493164062e+00
5.959637069702148438e+01
9.021295166015625000e+01
6.434318542480468750e+01
2.934818840026855469e+01
1.285451812744140625e+02
2.603720092773437500e+01
4.923796081542968750e+01
5.184715270996093750e+01
1.674234771728515625e+01
2.008440780639648438e+01
5.960969448089599609e+00
8.056071281433105469e+00
8.013121795654296875e+01
3.428732299804687500e+01
3.944817733764648438e+01
4.414687728881835938e+01
4.674217224121093750e+01
3.412483520507812500e+02
3.076894187927246094e+01
6.975558471679687500e+01
5.120711326599121094e+00
5.786754131317138672e+00
6.345556259155273438e+01
5.113840484619140625e+01
3.545946884155273438e+01
5.279678344726562500e+01
5.455436706542968750e+00
8.289881134033203125e+01
8.244703292846679688e+00
1.949208374023437500e+02
5.456460189819335938e+01
9.508976745605468750e+01
5.222134017944335938e+01
4.904264831542968750e+01
7.548112487792968750e+01
4.640894699096679688e+01
1.015164642333984375e+02
3.561171569824218750e+02
3.040358543395996094e+01
6.023015975952148438e+01
2.178818321228027344e+01
8.126815795898437500e+01
1.967189407348632812e+01
7.481733703613281250e+01
2.415203857421875000e+02
1.623923492431640625e+02
8.396299743652343750e+01
1.329118347167968750e+02
5.474819183349609375e+01
7.133447265625000000e+01
9.556629943847656250e+01
7.030409240722656250e+01
4.283717346191406250e+01
5.898942184448242188e+01
1.030824851989746094e+01
2.029041671752929688e+01
2.763574218750000000e+01
4.069470214843750000e+01
1.720350036621093750e+02
6.007382202148437500e+01
3.024285507202148438e+01
3.351261901855468750e+01
7.326006317138671875e+01
1.447541618347167969e+01
8.742229461669921875e+01
6.830254364013671875e+01
3.657817077636718750e+01
2.444866180419921875e+01
5.210733032226562500e+01
3.975033569335937500e+01
2.471983337402343750e+01
1.479607677459716797e+01
1.095003051757812500e+02
8.197175598144531250e+01
3.751601028442382812e+01
1.279112548828125000e+02
7.562222290039062500e+01
4.366543197631835938e+01
5.423388671875000000e+01
2.784111022949218750e+01
4.874382781982421875e+01
3.235236358642578125e+01
3.045977783203125000e+01
2.515978813171386719e+01
6.754435729980468750e+01
7.156483459472656250e+01
1.310116577148437500e+01
4.326495361328125000e+01
1.940456237792968750e+02
4.949792480468750000e+01
6.033593368530273438e+01
2.860884666442871094e+01
2.852653312683105469e+01
4.610675811767578125e+01
2.073764228820800781e+01
9.741687011718750000e+01
5.018165588378906250e+01
9.720385742187500000e+01
1.144514389038085938e+02
1.808699798583984375e+02
7.326318359375000000e+01
2.538235473632812500e+01
6.657160949707031250e+01
2.450640563964843750e+02
9.763121032714843750e+01
2.433113861083984375e+01
1.154807586669921875e+02
1.166769714355468750e+02
8.873436737060546875e+01
5.916360092163085938e+01
9.485284423828125000e+01
1.383040008544921875e+02
5.312445068359375000e+01
8.740863037109375000e+01
6.261243820190429688e+01
4.823564910888671875e+01
1.398962249755859375e+02
2.394441795349121094e+01
6.026691818237304688e+01
5.797048950195312500e+01
2.611823081970214844e+01
1.070426940917968750e+02
6.256784057617187500e+01
1.800320816040039062e+01
6.445937347412109375e+01
8.727080535888671875e+01
5.072119140625000000e+01
1.918214225769042969e+01
6.069869232177734375e+01
9.590785980224609375e+01
1.431457824707031250e+02
4.739390182495117188e+01
5.985815429687500000e+01
7.176252746582031250e+01
6.361249923706054688e+01
2.468810272216796875e+01
4.156557464599609375e+01
1.102014160156250000e+02
4.568835067749023438e+01
4.177651214599609375e+01
3.485979461669921875e+01
3.482442474365234375e+01
8.707714080810546875e+01
1.342831878662109375e+02
3.804070281982421875e+01
5.020489120483398438e+01
3.591871261596679688e+01
6.372822189331054688e+01
2.022191009521484375e+02
6.855755615234375000e+01
6.536045837402343750e+01
2.904224205017089844e+01
1.764118041992187500e+02
7.060046386718750000e+01
3.940387344360351562e+01
1.722231903076171875e+02
9.459053802490234375e+01
2.341346740722656250e+01
4.059391021728515625e+01
1.186326751708984375e+02
1.027693023681640625e+02
5.210295867919921875e+01
8.878276824951171875e+01
7.904774475097656250e+01
9.641322135925292969e+00
4.023744201660156250e+01
7.840721130371093750e+01
5.266672515869140625e+01
7.003317260742187500e+01
1.777497673034667969e+01
9.354374694824218750e+01
2.901012802124023438e+01
4.022026443481445312e+01
2.390780448913574219e+01
5.567921447753906250e+01
5.234365844726562500e+01
8.397478485107421875e+01
6.126011276245117188e+01
4.675025939941406250e+01
2.995806503295898438e+01
5.415589523315429688e+01
4.298063659667968750e+01
8.289716339111328125e+01
3.459710693359375000e+01
2.111402511596679688e+01
5.139593124389648438e+01
7.633208465576171875e+01
6.174193572998046875e+01
1.136852645874023438e+02
7.697604370117187500e+01
6.002443695068359375e+01
5.284751510620117188e+01
4.810102844238281250e+01
8.928076171875000000e+01
6.962380981445312500e+01
8.546175384521484375e+01
2.471175765991210938e+01
9.946486663818359375e+01
8.461422729492187500e+01
4.282640838623046875e+01
3.988747787475585938e+01
3.745131683349609375e+01
4.000516510009765625e+01
5.270489501953125000e+01
5.876254272460937500e+01
1.481819725036621094e+01
2.466738510131835938e+01
1.049613342285156250e+02
3.983746337890625000e+01
2.539447021484375000e+01
6.467237854003906250e+01
6.212427902221679688e+01
2.570914268493652344e+01
3.869216918945312500e+01
1.450488128662109375e+02
2.031308364868164062e+01
1.938594055175781250e+01
1.124468307495117188e+02
4.890954208374023438e+01
1.542546081542968750e+02
3.946883773803710938e+01
8.036353302001953125e+01
1.991380462646484375e+02
6.911525726318359375e+01
6.102720260620117188e+01
1.252088165283203125e+02
9.523657226562500000e+01
1.299404754638671875e+02
8.061608123779296875e+01
3.596307373046875000e+01
1.366679992675781250e+02
6.613811492919921875e+01
5.641682434082031250e+01
6.800505065917968750e+01
4.746358871459960938e+01
1.324925537109375000e+02
2.951680564880371094e+01
9.296160888671875000e+01
1.743432807922363281e+01
5.614334106445312500e+01
8.727433776855468750e+01
4.605398559570312500e+01
1.323471641540527344e+01
1.332350730895996094e+01
3.303720474243164062e+01
7.170879364013671875e+01
1.418445739746093750e+02
7.049440002441406250e+01
4.397355270385742188e+01
8.178459930419921875e+01
1.448318481445312500e+01
8.529482269287109375e+01
2.707218933105468750e+01
1.730391540527343750e+02
4.118032836914062500e+01
3.829715728759765625e+01
9.010329437255859375e+01
6.228598022460937500e+01
6.170148468017578125e+01
6.266283416748046875e+01
8.335439300537109375e+01
2.885665893554687500e+00
6.618505859375000000e+01
1.316580810546875000e+02
1.580341186523437500e+02
1.200025634765625000e+02
1.152409648895263672e+01
7.425822448730468750e+01
1.230507507324218750e+02
2.935236740112304688e+01
2.247452087402343750e+02
1.613893737792968750e+02
4.728539657592773438e+01
8.533964538574218750e+01
1.485784912109375000e+02
7.419480895996093750e+01
8.468071746826171875e+01
4.121075439453125000e+01
3.685272979736328125e+01
1.651497802734375000e+02
8.794885253906250000e+01
2.558102416992187500e+01
1.108099899291992188e+02
1.651950378417968750e+02
1.333481140136718750e+02
1.511417694091796875e+02
1.372807617187500000e+02
8.575923919677734375e+01
1.283516235351562500e+02
1.262139587402343750e+02
1.176074066162109375e+02
2.023352813720703125e+01
7.816021728515625000e+01
1.241903839111328125e+02
9.930391693115234375e+01
1.027147827148437500e+02
4.585012054443359375e+01
2.137051963806152344e+01
1.448043670654296875e+02
1.056312484741210938e+02
7.396907043457031250e+01
1.008196258544921875e+02
2.418157958984375000e+02
4.491355514526367188e+01
1.720957336425781250e+02
4.709356689453125000e+01
6.831047821044921875e+01
1.999420776367187500e+02
1.634141998291015625e+02
2.108184509277343750e+02
1.258313903808593750e+02
5.973713302612304688e+01
4.507624435424804688e+01
2.978417587280273438e+01
2.609524536132812500e+01
2.063278961181640625e+01
1.005668029785156250e+02
6.095249557495117188e+01
1.059511718750000000e+02
5.151604843139648438e+01
1.013940048217773438e+02
8.870207214355468750e+01
9.516041564941406250e+01
5.499094772338867188e+01
2.258726119995117188e+01
4.923535156250000000e+01
1.037056121826171875e+02
1.601622314453125000e+02
7.220355224609375000e+01
6.853545379638671875e+01
3.268611145019531250e+01
1.019384613037109375e+02
4.740034484863281250e+01
4.419311141967773438e+01
1.598751525878906250e+02
5.177225875854492188e+01
3.657044601440429688e+01
9.004570960998535156e+00
6.156529998779296875e+01
2.491893005371093750e+01
1.881084289550781250e+02
1.071120910644531250e+02
6.891253471374511719e+00
1.602384948730468750e+01
2.174526062011718750e+02
5.348206710815429688e+01
2.657933616638183594e+01
4.504375839233398438e+01
6.342873764038085938e+01
7.334786987304687500e+01
2.169316101074218750e+02
1.800265808105468750e+02
1.481038818359375000e+02
1.809731483459472656e+01
7.267291259765625000e+01
1.477064819335937500e+02
1.350223846435546875e+02
1.351517639160156250e+02
1.005360412597656250e+02
6.367874908447265625e+01
9.535823059082031250e+01
6.540377616882324219e+00
6.501265716552734375e+01
9.643772888183593750e+01
1.210981445312500000e+02
1.962937011718750000e+02
5.805634307861328125e+01
9.712165832519531250e+01
9.381667327880859375e+01
4.118038558959960938e+01
2.419200706481933594e+01
1.831399383544921875e+02
1.235519332885742188e+02
7.912542724609375000e+01
4.151374816894531250e+01
1.127787170410156250e+02
6.881365203857421875e+01
1.755804901123046875e+02
9.391469573974609375e+01
2.562522888183593750e+01
2.271573791503906250e+02
2.656979675292968750e+02
7.617238616943359375e+01
2.916912841796875000e+02
1.677517852783203125e+02
4.714312744140625000e+01
5.953715133666992188e+01
7.266278839111328125e+01
1.959723472595214844e+01
1.355835723876953125e+02
2.902004814147949219e+01
3.952186584472656250e+01
2.150794372558593750e+02
6.789506530761718750e+01
7.157096862792968750e+01
1.220452728271484375e+02
2.699240722656250000e+02
7.823070526123046875e+01
1.077059631347656250e+02
1.895452499389648438e+01
1.656547546386718750e+02
1.565725860595703125e+02
1.984336242675781250e+02
1.093444671630859375e+02
3.936399459838867188e+01
1.973264465332031250e+02
9.347290039062500000e+01
3.614933776855468750e+01
8.002199554443359375e+01
2.239855651855468750e+02
1.483323669433593750e+02
2.142112426757812500e+02
1.118998641967773438e+02
6.604350280761718750e+01
1.755348587036132812e+01
5.589551544189453125e+01
2.675189514160156250e+02
2.838392257690429688e+01
8.428054809570312500e+01
3.411892318725585938e+01
2.491180038452148438e+01
3.987323608398437500e+02
2.196624374389648438e+01
1.778353729248046875e+02
1.555747528076171875e+02
2.259792709350585938e+01
3.496752929687500000e+01
8.783093261718750000e+01
2.898154602050781250e+02
9.756336975097656250e+01
1.168209457397460938e+02
1.920533294677734375e+02
1.167262802124023438e+02
2.782120971679687500e+02
1.021164398193359375e+02
4.617468261718750000e+01
7.666547393798828125e+01
6.616302490234375000e+01
7.140816497802734375e+01
6.236452484130859375e+01
8.333869934082031250e+00
1.438900451660156250e+02
5.296353912353515625e+01
2.268846702575683594e+01
3.193426513671875000e+01
6.102381515502929688e+01
2.344757080078125000e+01
2.034035034179687500e+02
7.371494140625000000e+02
2.366162719726562500e+02
3.302958679199218750e+01
8.927718353271484375e+01
3.467528915405273438e+01
8.976147460937500000e+01
4.418886718750000000e+02
1.732255172729492188e+01
1.185081672668457031e+01
2.033805847167968750e+01
1.557552947998046875e+02
6.375185546875000000e+02
1.412271881103515625e+01
2.213540344238281250e+02
1.217114830017089844e+01
1.014645614624023438e+02
1.931988220214843750e+02
7.724252319335937500e+02
1.213649139404296875e+02
1.023774414062500000e+02
9.495721435546875000e+01
1.372007141113281250e+02
1.180610198974609375e+02
1.384711265563964844e+01
8.883027648925781250e+01
4.001643981933593750e+02
1.048326644897460938e+02
4.509447631835937500e+02
5.217626190185546875e+01
1.844086456298828125e+01
2.460276184082031250e+02
5.849829864501953125e+01
7.186412048339843750e+01
2.937200317382812500e+02
5.628816986083984375e+01
2.181158447265625000e+02
5.625991058349609375e+01
1.614236450195312500e+02
1.415049743652343750e+02
2.121923522949218750e+02
8.783806610107421875e+01
3.565467834472656250e+01
9.466823577880859375e+01
1.694839630126953125e+02
5.083756637573242188e+01
1.779187469482421875e+02
5.434020233154296875e+01
4.566665649414062500e+01
1.941268310546875000e+02
1.951889343261718750e+02
1.117267379760742188e+02
3.389964294433593750e+01
5.484045410156250000e+01
4.684272384643554688e+01
1.381419982910156250e+02
7.273238372802734375e+01
8.878533935546875000e+01
9.254002380371093750e+01
8.363533782958984375e+01
6.119321289062500000e+02
1.362274169921875000e+02
1.483404541015625000e+02
1.131446990966796875e+02
4.373365783691406250e+01
1.558625183105468750e+02
3.229904174804687500e+02
1.134054107666015625e+02
5.082759094238281250e+01
1.237681198120117188e+02
4.920262908935546875e+01
1.452088165283203125e+02
6.982366180419921875e+01
5.876172637939453125e+01
4.237178421020507812e+01
1.284874420166015625e+02
1.810721282958984375e+02
2.922256164550781250e+02
1.052143066406250000e+03
1.287925720214843750e+02
4.487526855468750000e+02
3.132797813415527344e+01
2.259408447265625000e+03
2.177209777832031250e+02
2.940257324218750000e+03
1.357378540039062500e+02
5.333987426757812500e+01
9.284924316406250000e+01
1.988642883300781250e+02
3.363334655761718750e+01
2.280979461669921875e+02
1.263998260498046875e+02
1.300215759277343750e+02
2.134090423583984375e+02
2.367411956787109375e+02
4.179662704467773438e+01
8.511474609375000000e+01
2.474612884521484375e+02
1.629320526123046875e+02
1.588823547363281250e+02
9.508439636230468750e+01
2.112447021484375000e+03
3.301211914062500000e+03
9.897518157958984375e+01
1.030812255859375000e+03
4.572815856933593750e+02
1.420865478515625000e+02
6.785255126953125000e+02
9.145068359375000000e+01
3.116619873046875000e+02
2.756961364746093750e+02
2.264326171875000000e+03
9.687362670898437500e+01
4.328434753417968750e+01
9.234692382812500000e+01
7.875500488281250000e+01
4.188503646850585938e+01
2.685971191406250000e+03
9.695803833007812500e+01
6.879355621337890625e+01
4.043565673828125000e+02
3.543732910156250000e+03
4.097843017578125000e+02
2.081342773437500000e+02
5.307350463867187500e+02
8.323823547363281250e+01
1.070785675048828125e+02
1.050057678222656250e+02
9.831004638671875000e+02
1.699120330810546875e+02
5.378283691406250000e+02
1.983498229980468750e+02
4.762401733398437500e+02
9.090478515625000000e+01
1.341531066894531250e+02
7.395191650390625000e+02
1.175925216674804688e+02
3.851486083984375000e+03
1.498930816650390625e+02
8.644866180419921875e+01
4.030769042968750000e+03
4.373934020996093750e+02
3.980831909179687500e+02
3.916668945312500000e+03
2.460950775146484375e+02
2.125161590576171875e+02
5.718004150390625000e+02
5.138118743896484375e+01
9.760935974121093750e+01
4.593157348632812500e+02
1.096308593750000000e+03
9.327729492187500000e+02
2.497331848144531250e+02
1.848677124023437500e+03
1.394540710449218750e+02
1.905640106201171875e+02
6.338022460937500000e+02
3.744040039062500000e+03
5.389980468750000000e+02
1.090872924804687500e+03
1.665191650390625000e+02
5.708770141601562500e+02
1.202055664062500000e+02
3.607585449218750000e+03
1.466151580810546875e+02
7.740119171142578125e+01
1.006598632812500000e+03
2.019906616210937500e+02
2.439717102050781250e+02
3.047538452148437500e+02
3.901042480468750000e+02
3.636243896484375000e+02
8.627976074218750000e+02
4.241252929687500000e+03
3.229135742187500000e+02
1.645438690185546875e+02
8.691184082031250000e+02
3.551153564453125000e+02
4.679302978515625000e+02
1.978226013183593750e+02
1.321516571044921875e+02
6.771405029296875000e+02
3.635443847656250000e+03
9.112651367187500000e+02
2.109478271484375000e+03
3.701571777343750000e+03
2.356360778808593750e+02
3.850511474609375000e+02
1.386956024169921875e+02
8.725797119140625000e+02
1.478903045654296875e+02
2.496952880859375000e+03
3.883690917968750000e+03
7.616489257812500000e+02
4.033316650390625000e+02
4.432170104980468750e+02
3.834496459960937500e+02
1.778307952880859375e+02
3.604705505371093750e+02
3.137078857421875000e+02
2.126063079833984375e+02
3.201644287109375000e+03
8.737379455566406250e+01
3.593269042968750000e+02
3.069422302246093750e+02
3.089564132690429688e+01
3.794569702148437500e+02
1.683796234130859375e+02
1.966338157653808594e+01
5.316242218017578125e+01
5.123067016601562500e+02
2.450211639404296875e+02
4.698461532592773438e+01
6.834394836425781250e+01
1.832560302734375000e+03
8.607315063476562500e+01
1.201232910156250000e+02
1.416166992187500000e+02
4.909272766113281250e+01
5.518156433105468750e+01
1.881763610839843750e+02
1.342305603027343750e+02
9.437992858886718750e+01
2.880102539062500000e+02
8.836135101318359375e+01
4.642693328857421875e+01
5.335995483398437500e+01
4.691605377197265625e+01
5.676159286499023438e+01
8.564775085449218750e+01
3.365818023681640625e+01
1.748518554687500000e+03
4.258467102050781250e+01
8.849160003662109375e+01
5.221559906005859375e+01
1.258338317871093750e+02
2.030946960449218750e+02
2.415354919433593750e+02
5.962481689453125000e+01
3.729352569580078125e+01
4.911064147949218750e+01
1.454771728515625000e+02
8.725170898437500000e+01
1.487701110839843750e+02
6.141134262084960938e+01
1.257970237731933594e+01
7.298941040039062500e+01
3.679113388061523438e+01
4.158944702148437500e+01
7.243690490722656250e+01
2.597273559570312500e+02
1.351518554687500000e+02
4.760782623291015625e+01
4.009558105468750000e+01
4.522018432617187500e+01
2.515641403198242188e+01
4.938947677612304688e+01
1.172508392333984375e+02
1.065067443847656250e+02
2.207204246520996094e+01
2.604368400573730469e+01
7.036480712890625000e+01
9.949998474121093750e+01
3.426048278808593750e+01
6.269699096679687500e+02
2.776801681518554688e+01
9.992462158203125000e+01
1.025040893554687500e+02
9.509309387207031250e+01
6.730076904296875000e+02
5.740867233276367188e+01
3.090457916259765625e+01
1.277845687866210938e+02
4.805130004882812500e+01
5.797401428222656250e+01
4.913623046875000000e+01
1.459260009765625000e+03
1.321411590576171875e+02
7.179031372070312500e+01
3.638956298828125000e+02
4.957843017578125000e+01
4.016268157958984375e+01
1.067670440673828125e+02
1.322069244384765625e+02
4.760948944091796875e+01
2.368520996093750000e+03
1.299579772949218750e+02
1.271344833374023438e+02
1.265641403198242188e+02
5.690755844116210938e+01
6.012682342529296875e+01
2.910955566406250000e+03
5.271176147460937500e+01
6.746492004394531250e+01
7.430049133300781250e+01
5.786734771728515625e+01
9.354467010498046875e+01
5.011809921264648438e+01
6.199688720703125000e+01
3.504338836669921875e+01
3.043025512695312500e+02
1.507728271484375000e+02
1.052341308593750000e+02
1.441000823974609375e+02
7.092492675781250000e+01
2.951926231384277344e+01
1.387192993164062500e+02
3.637510742187500000e+03
2.299404296875000000e+02
2.831888122558593750e+02
1.423615417480468750e+02
1.023562927246093750e+02
1.779934082031250000e+02
1.859983367919921875e+02
1.509245586395263672e+01
1.970270996093750000e+02
5.206755828857421875e+01
1.513489837646484375e+02
1.530088500976562500e+02
1.160275878906250000e+02
4.963992309570312500e+01
1.316573333740234375e+02
1.848077514648437500e+03
3.490782714843750000e+03
8.589445495605468750e+01
2.022631225585937500e+02
1.043048706054687500e+02
6.847171020507812500e+01
1.768098144531250000e+02
3.165658569335937500e+02
1.399087219238281250e+02
1.401034851074218750e+02
1.595345611572265625e+02
1.845675048828125000e+02
1.338913879394531250e+02
2.019321289062500000e+03
1.575671844482421875e+02
6.865291748046875000e+02
6.298433837890625000e+02
1.423065795898437500e+02
2.107063964843750000e+03
2.986649169921875000e+02
1.707949951171875000e+03
1.101501464843750000e+03
7.298889160156250000e+01
6.580945434570312500e+02
7.566058349609375000e+02
1.769073333740234375e+02
9.233850097656250000e+01
2.721591796875000000e+03
1.119688568115234375e+02
1.504243774414062500e+02
5.409399414062500000e+02
9.916782226562500000e+02
1.266355438232421875e+02
9.866456909179687500e+02
2.043002014160156250e+02
5.126563720703125000e+02
7.057208251953125000e+01
1.234418457031250000e+03
4.903325195312500000e+02
2.997955078125000000e+03
8.585147094726562500e+01
3.376626586914062500e+01
6.276044921875000000e+02
1.395357818603515625e+02
3.546137390136718750e+02
2.138583679199218750e+02
1.156044921875000000e+03
1.259250335693359375e+02
6.910140380859375000e+02
2.368324218750000000e+03
2.232585449218750000e+02
1.045938415527343750e+02
2.221131286621093750e+02
5.293273162841796875e+01
2.317812805175781250e+02
1.740308593750000000e+03
5.728734588623046875e+01
5.866911010742187500e+02
4.244044494628906250e+01
4.191398620605468750e+01
5.009597778320312500e+01
3.725973892211914062e+01
5.769324493408203125e+01
2.292060241699218750e+02
6.847435302734375000e+02
2.671823120117187500e+02
1.318703002929687500e+02
1.749811401367187500e+02
7.977269287109375000e+02
5.080204010009765625e+01
2.842741775512695312e+01
1.206457748413085938e+02
1.251127319335937500e+03
6.750466308593750000e+02
6.240877685546875000e+02
1.227414169311523438e+02
1.722007324218750000e+03
1.178146591186523438e+02
1.391636108398437500e+03
6.008794784545898438e+01
1.172735881805419922e+01
2.238338867187500000e+03
4.115917205810546875e+01
2.579124450683593750e+02
1.232503051757812500e+02
3.522381286621093750e+02
2.839753112792968750e+02
1.405235595703125000e+02
1.112736434936523438e+02
2.883175659179687500e+01
6.214677047729492188e+01
1.016808319091796875e+01
9.242834472656250000e+01
3.687126874923706055e+00
2.243371337890625000e+03
3.729116439819335938e+01
2.714120864868164062e+00
7.186984062194824219e+00
4.679018974304199219e+00
7.454051017761230469e+00
6.984825134277343750e+00
5.034658432006835938e+00
8.249279174804687500e+02
6.139640331268310547e+00
5.844733715057373047e+00
8.289956054687500000e+02
2.065576553344726562e+00
8.767049560546875000e+02
9.576006889343261719e+00
2.225420951843261719e+00
1.615814089775085449e+00
1.866238594055175781e+00
2.365908813476562500e+01
9.192381591796875000e+02
5.520973205566406250e+00
2.717351436614990234e+00
3.131792068481445312e+00
9.126110076904296875e+00
1.518839240074157715e+00
1.487002849578857422e+01
9.566915283203125000e+02
1.868608832359313965e+00
9.814801635742187500e+02
1.004460815429687500e+03
1.366614341735839844e+00
1.579955101013183594e+01
6.320284843444824219e+00
1.297729778289794922e+01
5.234507918357849121e-01
2.259083747863769531e+00
6.370894432067871094e+00
3.313629638671875000e+03
4.395057678222656250e+00
1.284409046173095703e+00
2.380396652221679688e+01
9.320117950439453125e+00
1.201352119445800781e+00
3.613928556442260742e+00
2.177337265014648438e+01
6.384032249450683594e+00
1.457417583465576172e+01
4.998516082763671875e+00
2.026792287826538086e+00
1.651865005493164062e+01
1.253700683593750000e+03
1.244393798828125000e+03
3.243324041366577148e+00
8.277009963989257812e+00
4.339127349853515625e+01
5.224256038665771484e+00
1.250685058593750000e+03
1.265688476562500000e+03
1.334044647216796875e+01
2.647423934936523438e+01
6.927300691604614258e-01
3.410079479217529297e+00
6.609196662902832031e+00
1.357841186523437500e+03
7.878709316253662109e+00
4.849307537078857422e+00
1.364365478515625000e+03
3.564747619628906250e+01
2.805102050781250000e+03
1.434453002929687500e+03
1.292380065917968750e+02
8.925451636314392090e-01
9.850020408630371094e+00
2.421737194061279297e+00
3.593541622161865234e+00
7.050446987152099609e+00
7.267086029052734375e+00
8.229150772094726562e+00
1.514805541992187500e+03
4.179045104980468750e+01
2.761391162872314453e+00
8.782154083251953125e+00
1.556058837890625000e+03
2.418320655822753906e+00
3.272319316864013672e+00
1.547089843750000000e+03
1.703859329223632812e+01
3.255636718750000000e+03
4.152907371520996094e+00
1.561598876953125000e+03
1.566130249023437500e+03
5.137809276580810547e+00
3.123560302734375000e+03
1.585287475585937500e+01
4.576937103271484375e+01
3.222582763671875000e+03
5.783873796463012695e-01
2.908032178878784180e+00
1.129670858383178711e+00
5.319179534912109375e+01
1.434579753875732422e+01
1.568031668663024902e+00
9.942114353179931641e-01
6.249172210693359375e+00
3.435300537109375000e+03
1.687359130859375000e+03
1.727370361328125000e+03
3.029240036010742188e+01
7.063241004943847656e-01
5.657138824462890625e-01
3.049761295318603516e+00
1.746974975585937500e+03
1.753955078125000000e+03
1.724197021484375000e+03
1.786065307617187500e+03
2.486923694610595703e+00
1.754810058593750000e+03
3.505400146484375000e+03
5.994570255279541016e-01
3.428327560424804688e+00
6.526091098785400391e-01
1.328941917419433594e+01
2.007178783416748047e+00
1.961584329605102539e+00
9.690799713134765625e-01
9.246341705322265625e+00
9.777216911315917969e+00
1.798134155273437500e+03
1.125064849853515625e+01
9.848532676696777344e+00
3.536659181118011475e-01
1.714769172668457031e+01
1.992674767971038818e-01
4.241143703460693359e+00
2.005083560943603516e-01
8.146997451782226562e+00
1.980506706237792969e+01
7.055721282958984375e-01
1.830805053710937500e+03
1.909746948242187500e+03
3.631552246093750000e+03
5.672800540924072266e-01
1.875142578125000000e+03
4.136992931365966797e+00
1.926223516464233398e+00
2.922541797161102295e-01
1.485763454437255859e+01
1.897063232421875000e+03
3.666777099609375000e+03
1.149303436279296875e+02
1.934576049804687500e+03
1.016497039794921875e+02
8.776556968688964844e+00
1.930815185546875000e+03
8.589064478874206543e-01
6.669392395019531250e+01
1.981471069335937500e+03
2.973713636398315430e+00
7.578943967819213867e-01
1.925561714172363281e+01
2.734583616256713867e+00
6.983195304870605469e+00
1.285260009765625000e+01
5.197152137756347656e+00
4.545466899871826172e-01
5.167200565338134766e-01
1.728688049316406250e+01
1.219612026214599609e+01
1.756396865844726562e+01
3.767466545104980469e-01
2.015952636718750000e+03
4.621296691894531250e+01
1.969564453125000000e+03
2.511439323425292969e+01
1.550742149353027344e+00
1.979814208984375000e+03
3.303989171981811523e+00
1.274277687072753906e+01
2.047888183593750000e+03
2.777686119079589844e+01
1.145927429199218750e+02
2.260737991333007812e+01
2.013949096679687500e+03
1.769156837463378906e+01
8.865118408203125000e+01
9.728375673294067383e-01
2.090148437500000000e+03
2.642004013061523438e+01
1.987456542968750000e+03
2.411406993865966797e+00
5.598134613037109375e+01
1.287072896957397461e+00
5.222441196441650391e+00
1.233653259277343750e+01
1.245291137695312500e+01
2.003414916992187500e+03
7.642461657524108887e-01
2.082268310546875000e+03
6.065454101562500000e+01
1.213842153549194336e+00
2.120720481872558594e+01
4.298997402191162109e+00
4.115691375732421875e+01
2.056846191406250000e+03
2.038921752929687500e+03
1.564977264404296875e+01
2.903647422790527344e-01
2.007349609375000000e+03
1.527004623413085938e+01
2.214001464843750000e+01
9.966849535703659058e-02
1.830882430076599121e-01
6.634506225585937500e+01
2.315668296813964844e+01
3.082241773605346680e+00
1.250540924072265625e+01
4.491122055053710938e+01
2.237282991409301758e+00
2.554385662078857422e-01
5.762364746093750000e+03
2.059438705444335938e+00
2.557055473327636719e+00
6.484952545166015625e+01
2.002327148437500000e+03
1.940507125854492188e+01
3.739334106445312500e+01
1.937832832336425781e-01
2.388601303100585938e+01
1.010037517547607422e+01
4.322518157958984375e+01
4.073662948608398438e+01
2.996203899383544922e-01
2.952078247070312500e+01
2.009185409545898438e+01
5.348365783691406250e+00
2.011909179687500000e+03
3.619867265224456787e-01
1.871540784835815430e+00
4.588069915771484375e+01
1.777512741088867188e+01
2.163581371307373047e+00
3.345448017120361328e+00
4.054732513427734375e+01
1.953986816406250000e+03
1.943313720703125000e+03
1.430377483367919922e+01
5.422464609146118164e-01
4.312917709350585938e+00
1.907460449218750000e+03
2.330879974365234375e+01
2.518058300018310547e+00
1.947334051132202148e+00
4.523786544799804688e+00
1.856497314453125000e+03
1.837724365234375000e+03
1.100841808319091797e+01
1.862607299804687500e+03
7.983676147460937500e+01
3.699593750000000000e+03
1.799479484558105469e+01
4.002194976806640625e+01
1.613568115234375000e+01
7.016335725784301758e-01
1.832160156250000000e+03
1.850131835937500000e+03
1.810755126953125000e+03
1.012070059776306152e+00
4.087821578979492188e+01
4.097760200500488281e+00
4.122062206268310547e+00
2.530433416366577148e+00
3.151883316040039062e+01
7.696743011474609375e+00
1.790249389648437500e+03
5.160791277885437012e-01
7.395912170410156250e+00
7.889981746673583984e+00
1.637598991394042969e+01
5.378267578125000000e+03
3.605228027343750000e+03
1.073439836502075195e+00
1.036504936218261719e+01
1.908160209655761719e+01
1.551997661590576172e+01
6.380278587341308594e+00
1.237949371337890625e+01
6.081764221191406250e+01
6.002862453460693359e-01
6.182578659057617188e+01
1.688870361328125000e+03
6.158103942871093750e+00
4.618026614189147949e-01
3.342168457031250000e+03
2.602243614196777344e+01
9.172839164733886719e+00
2.309496849775314331e-01
6.073101758956909180e-01
2.625063133239746094e+01
1.241352844238281250e+01
1.724305343627929688e+01
1.943480491638183594e+00
1.616840698242187500e+03
3.434536457061767578e+00
1.225272941589355469e+01
1.589910034179687500e+03
3.208031738281250000e+03
5.180010795593261719e-01
4.047953033447265625e+01
3.897714614868164062e+01
1.586906127929687500e+03
1.426640701293945312e+01
1.550918457031250000e+03
3.582873153686523438e+01
3.347012281417846680e+00
5.905353546142578125e+00
2.217314243316650391e+00
2.330715179443359375e+01
3.863170146942138672e-01
8.132178187370300293e-01
2.032683181762695312e+01
2.089659214019775391e+00
6.752791404724121094e-01
5.801869630813598633e-01
2.934514160156250000e+03
2.085959315299987793e-01
3.349954986572265625e+01
9.381618499755859375e+00
3.813105010986328125e+01
3.658679485321044922e+00
1.448569011688232422e+01
8.174180984497070312e-01
1.838310599327087402e+00
6.115758419036865234e+00
1.387406494140625000e+03
7.714242458343505859e+00
1.505482292175292969e+01
4.447848320007324219e+00
3.869040012359619141e-01
6.512165069580078125e+00
1.070324516296386719e+01
3.730009078979492188e+00
9.050046920776367188e+00
1.354572631835937500e+03
1.366653564453125000e+03
2.745111083984375000e+01
5.240352630615234375e+00
5.845298767089843750e+00
1.346983398437500000e+03
1.288376708984375000e+03
3.472388267517089844e+00
3.787188291549682617e+00
1.476297760009765625e+01
4.868555545806884766e+00
2.435173988342285156e+00
8.693842887878417969e+00
3.382967472076416016e+00
2.438980957031250000e+03
3.503832817077636719e-01
2.169750183820724487e-01
1.940195441246032715e+00
9.599487781524658203e-01
1.538110256195068359e+01
3.525678253173828125e+01
3.768008649349212646e-01
2.581082344055175781e+00
1.082274436950683594e+01
2.879124832153320312e+01
8.522403717041015625e+00
1.123687624931335449e-01
2.806688249111175537e-01
8.680805206298828125e+00
2.833981895446777344e+01
7.741998195648193359e+00
1.096985595703125000e+03
1.303570747375488281e+01
1.123941650390625000e+03
1.072050903320312500e+03
1.286441612243652344e+01
2.386261224746704102e+00
1.043773803710937500e+03
3.403346538543701172e+00
1.105089569091796875e+01
9.689455032348632812e+00
3.583459377288818359e+00
5.161634826660156250e+01
1.000929138183593750e+03
1.583597540855407715e+00
2.428981065750122070e+00
7.773489952087402344e+00
5.017002105712890625e+01
1.648677706718444824e+00
1.774748086929321289e+00
1.645744323730468750e+00
9.698951416015625000e+02
1.236352682113647461e+00
1.989047765731811523e+00
2.161951828002929688e+01
9.680744409561157227e-01
1.826129272460937500e+03
1.614890336990356445e+00
5.852750778198242188e+00
1.909464073181152344e+01
4.879822921752929688e+01
1.332515120506286621e+00
3.582849502563476562e+00
3.597435712814331055e+00
1.113545179367065430e+00
8.609725341796875000e+02
1.781386137008666992e+00
1.555357265472412109e+01
3.725287914276123047e+00
7.899615478515625000e+02
7.929621582031250000e+02
2.390440106391906738e-01
1.158904457092285156e+01
7.469940185546875000e+02
4.177613258361816406e+00
1.526120567321777344e+01
1.809445571899414062e+01
7.261657104492187500e+02
7.717319488525390625e+00
1.522922801971435547e+01
2.588954925537109375e+00
8.249018669128417969e+00
6.885614624023437500e+02
9.827066421508789062e+00
1.579610228538513184e+00
6.723364868164062500e+02
6.587560424804687500e+02
1.311453369140625000e+03
2.162285894155502319e-01
2.153239250183105469e+00
4.446065902709960938e+00
2.026344649493694305e-02
4.088558197021484375e+00
6.105493774414062500e+02
3.114102125167846680e+00
1.915566253662109375e+01
1.182654857635498047e+00
6.212748527526855469e+00
5.883151245117187500e+02
2.792094275355339050e-02
1.835750579833984375e+00
5.680910644531250000e+02
5.723189697265625000e+02
4.379319190979003906e+00
6.013239622116088867e-01
1.313572978973388672e+01
1.148460432887077332e-01
5.354534301757812500e+02
7.502706527709960938e+00
5.534286499023437500e+02
1.984177589416503906e+00
2.388077735900878906e+00
5.074364929199218750e+02
1.625689268112182617e+00
4.972024841308593750e+02
2.167538106441497803e-01
1.280082941055297852e+00
1.898107975721359253e-01
4.364495724439620972e-02
1.135059714317321777e+00
4.743663024902343750e+02
7.493135929107666016e-01
9.109984338283538818e-02
3.434035480022430420e-01
4.456243896484375000e+02
4.498730163574218750e+02
7.082789421081542969e+00
1.039527416229248047e+01
4.268304443359375000e+02
4.258064880371093750e+02
4.191278076171875000e+02
2.750920295715332031e+00
7.430641651153564453e-01
3.193454265594482422e+00
4.865708351135253906e-01
1.857844352722167969e+00
6.889305114746093750e-01
2.771173000335693359e+00
1.208380317687988281e+01
2.842950820922851562e-01
9.757019877433776855e-01
4.374341487884521484e+00
3.807612304687500000e+02
3.674497070312500000e+02
2.030737876892089844e+00
3.596916198730468750e+02
2.178742736577987671e-01
5.497216224670410156e+00
1.303744316101074219e-01
3.379319152832031250e+02
2.072402954101562500e+00
7.353527069091796875e+00
3.464199304580688477e-01
1.179013609886169434e+00
3.332493896484375000e+02
3.245111999511718750e+02
2.492942094802856445e+00
5.283793210983276367e-01
6.309106826782226562e+00
1.129468202590942383e+00
4.537750244140625000e+00
2.943783067166805267e-02
2.245022505521774292e-01
2.261791676282882690e-01
7.364079356193542480e-02
8.037875890731811523e-01
2.156862467527389526e-01
1.615857481956481934e+00
1.916617751121520996e+00
2.796848773956298828e+00
8.895015716552734375e-01
1.461162418127059937e-01
8.264481425285339355e-01
4.972986876964569092e-01
2.665115966796875000e+02
2.851710021495819092e-01
2.605707702636718750e+02
1.375698804855346680e+00
1.622725725173950195e-01
6.497927824966609478e-04
2.477058410644531250e+02
6.097441911697387695e-01
8.255297541618347168e-01
2.413957824707031250e+02
2.377402954101562500e+02
2.371553649902343750e+02
8.465706706047058105e-01
2.308048009872436523e-01
2.363036193847656250e+02
2.131114006042480469e-01
5.310212373733520508e-01
9.110991358757019043e-01
4.372171630859375000e+02
2.064762592315673828e+00
2.141619262695312500e+02
6.559594720602035522e-02
1.144164443016052246e+00
2.083916931152343750e+02
2.190421074628829956e-01
1.834893017075955868e-03
2.013676452636718750e+02
3.443606853485107422e+00
6.391891479492187500e+00
1.958441772460937500e+02
1.927115783691406250e+02
7.397722005844116211e-01
2.240262746810913086e+00
6.330238342285156250e+00
7.322028160095214844e+00
1.443898212164640427e-02
1.818130493164062500e+02
2.122755050659179688e-01
2.988101959228515625e+00
1.109735727310180664e+00
1.818954162597656250e+02
3.411627807617187500e+02
3.293176174163818359e+00
4.525985121726989746e-01
8.747770190238952637e-01
1.664355621337890625e+02
1.083609104156494141e+00
1.675331268310546875e+02
3.180663146972656250e+02
3.196815795898437500e+02
2.256112575531005859e+00
1.377168416976928711e+00
1.539959716796875000e+02
1.110781878232955933e-01
2.617591917514801025e-01
2.240663766860961914e+00
4.645793437957763672e+00
1.345187902450561523e+00
2.395674467086791992e+00
1.228416919708251953e+00
1.402900695800781250e+02
9.637018083594739437e-04
2.869265136718750000e+02
2.785225771367549896e-02
6.801069974899291992e-01
6.829937696456909180e-01
1.644729673862457275e-01
1.226002424955368042e-01
1.335009918212890625e+02
1.277050704956054688e+02
6.756351888179779053e-02
5.589243769645690918e-01
1.262978057861328125e+02
1.844393908977508545e-01
1.239608078002929688e+02
1.211322860717773438e+02
4.464412927627563477e-01
1.196489868164062500e+02
1.979879736900329590e+00
5.874542593955993652e-01
2.339852752685546875e+02
2.851279452443122864e-03
6.696893274784088135e-02
1.713369339704513550e-01
5.540296435356140137e-02
8.719585835933685303e-02
3.529844284057617188e-01
6.813765764236450195e-01
1.553592681884765625e+00
2.769247256219387054e-02
1.043374061584472656e+00
7.825066447257995605e-01
1.751241832971572876e-02
1.010413436889648438e+02
1.890570998191833496e+00
1.589483618736267090e-01
4.178368672728538513e-02
3.046643733978271484e-01
1.399261038750410080e-02
1.887105107307434082e-01
1.978951215744018555e+00
9.228054809570312500e+01
1.593263626098632812e+00
1.895786285400390625e+00
5.217444300651550293e-01
8.981660461425781250e+01
8.843733978271484375e+01
6.178435683250427246e-02
4.081805646419525146e-01
8.390501403808593750e+01
1.362007141113281250e+00
8.633418273925781250e+01
7.001690100878477097e-04
1.327779293060302734e-01
8.195992279052734375e+01
3.176237046718597412e-01
1.350189447402954102e-01
5.163041949272155762e-01
9.012524969875812531e-03
2.850386500358581543e-01
2.593101859092712402e-01
8.612414449453353882e-02
1.558371901512145996e+00
2.196195273427292705e-04
3.435383364558219910e-02
7.306393432617187500e+01
6.046746298670768738e-02
2.407289266586303711e+00
2.426853403449058533e-03
4.377204459160566330e-03
7.073043060302734375e+01
1.561295092105865479e-01
6.777884674072265625e+01
1.503209304064512253e-02
7.945303320884704590e-01
2.563900947570800781e-01
1.345691680908203125e+00
6.320510864257812500e+01
6.319614791870117188e+01
1.636624038219451904e-01
1.783475130796432495e-01
5.997685241699218750e+01
1.895086839795112610e-03
7.668082118034362793e-01
1.315594673156738281e+00
3.835987672209739685e-02
1.909296587109565735e-02
2.212133957073092461e-03
5.971857905387878418e-02
1.456414069980382919e-02
1.022181510925292969e+00
5.566192245483398438e+01
1.671069562435150146e-01
2.697517871856689453e-01
9.271269291639328003e-02
5.075987577438354492e-01
5.180718994140625000e+01
7.131250109523534775e-03
9.168864926323294640e-04
5.014159393310546875e+01
1.116810664534568787e-01
6.388308405876159668e-01
9.915605187416076660e-02
4.894429016113281250e+01
9.364858269691467285e-03
4.573727771639823914e-02
2.803876399993896484e-01
7.106438279151916504e-03
1.710233390331268311e-01
9.272350311279296875e+01
1.846419572830200195e-01
1.262085735797882080e-01
7.726959884166717529e-02
4.320698547363281250e+01
3.902073204517364502e-02
2.240359783172607422e-01
1.049119140952825546e-02
4.136171722412109375e+01
1.560938893817365170e-03
3.460431993007659912e-01
6.210889667272567749e-02
1.117925882339477539e+00
2.726371586322784424e-02
2.390367239713668823e-01
1.372900903224945068e-01
9.996575117111206055e-01
2.331711500883102417e-01
4.378061294555664062e-01
2.860465273261070251e-02
7.313615417480468750e+01
3.670161437988281250e+01
1.273961365222930908e-01
4.696863144636154175e-02
1.182857668027281761e-03
1.619213461875915527e+00
5.710069462656974792e-02
1.520383834838867188e+00
3.367207336425781250e+01
3.706447314471006393e-03
3.355845642089843750e+01
4.000908695161342621e-03
1.293902751058340073e-03
3.196915817260742188e+01
5.539467185735702515e-02
3.327769692987203598e-03
3.002322278916835785e-02
2.750307321548461914e-01
2.184753771871328354e-03
1.292788386344909668e+00
3.977991268038749695e-02
1.024120330810546875e+00
8.820004463195800781e-01
4.253222346305847168e-01
2.181704044342041016e-01
2.853382873535156250e+01
5.492803573608398438e+01
2.747420120239257812e+01
2.776158905029296875e+01
2.759927749633789062e+01
1.417078776285052299e-03
5.040556192398071289e-03
9.663259387016296387e-01
6.945202350616455078e-01
2.726464867591857910e-01
4.893281173706054688e+01
2.642475962638854980e-01
2.134465873241424561e-01
2.444789695739746094e+01
1.514509171247482300e-01
5.036018788814544678e-03
6.160956691019237041e-04
1.434153765439987183e-01
2.431592345237731934e-02
1.718146502971649170e-01
3.198546171188354492e-01
2.221040916442871094e+01
2.233156585693359375e+01
7.350537180900573730e-02
8.052533376030623913e-04
2.144969177246093750e+01
7.814502716064453125e-02
2.089175605773925781e+01
2.092898941040039062e+01
3.270094990730285645e-01
1.014006417244672775e-02
9.488373994827270508e-02
1.271804124116897583e-01
2.009224319458007812e+01
1.888102889060974121e-01
2.379994392395019531e-01
7.388021796941757202e-02
1.914530754089355469e+01
3.967067692428827286e-03
4.144603013992309570e-02
9.126985445618629456e-03
1.391146890819072723e-02
2.527162060141563416e-02
7.962143281474709511e-04
2.076615951955318451e-02
2.817661762237548828e-01
5.211631774902343750e+01
3.317277505993843079e-02
9.566152095794677734e-02
2.248889952898025513e-02
2.636645436286926270e-01
1.008221358060836792e-01
1.754301041364669800e-01
1.607852172851562500e+01
2.145606726408004761e-01
2.684766799211502075e-02
3.060779953002929688e+01
1.584131431579589844e+01
1.474916003644466400e-02
1.615448594093322754e-01
2.979577636718750000e+01
1.016142070293426514e-01
1.474570274353027344e+01
1.508282470703125000e+01
1.442048263549804688e+01
1.089531779289245605e-01
5.098974704742431641e-02
1.133047193288803101e-01
1.392039489746093750e+01
3.278681263327598572e-02
1.578555966261774302e-04
1.721203699707984924e-02
2.838031575083732605e-02
1.313193893432617188e+01
1.370679470710456371e-03
2.571361923217773438e+01
1.235412620007991791e-02
2.483808135986328125e+01
3.452979773283004761e-02
9.842946380376815796e-02
8.719197474420070648e-03
2.824002411216497421e-03
8.882938325405120850e-02
7.598843425512313843e-02
1.161175060272216797e+01
1.161214351654052734e+01
1.151283454895019531e+01
1.034740135073661804e-01
1.117157363891601562e+01
3.161915810778737068e-04
1.684789545834064484e-03
1.083679389953613281e+01
1.155516338348388672e+01
1.571685522794723511e-01
7.609941065311431885e-02
1.326686615357175469e-04
1.955521479249000549e-02
1.678503118455410004e-03
1.836146577261388302e-03
7.662598788738250732e-02
9.214308112859725952e-02
4.831541329622268677e-03
1.940528154373168945e-01
1.937897491455078125e+01
9.805180549621582031e+00
1.644824445247650146e-01
1.082281465642154217e-03
1.088178753852844238e-01
9.375828742980957031e+00
1.194373369216918945e-01
2.722766399383544922e-01
5.014320462942123413e-02
1.844426617026329041e-03
8.730857849121093750e+00
1.721387803554534912e-01
7.257646322250366211e-02
7.100781425833702087e-03
8.366508483886718750e+00
2.466122433543205261e-02
1.080566085875034332e-03
3.692992031574249268e-04
1.863909326493740082e-02
8.121434211730957031e+00
1.726667163893580437e-03
8.957476238720118999e-04
7.717536926269531250e+00
2.824974432587623596e-02
7.242825813591480255e-03
1.481665819883346558e-01
7.371454238891601562e+00
1.050014495849609375e-01
1.191123374155722558e-04
6.864419206976890564e-03
3.022655472159385681e-02
1.874242152553051710e-04
1.111993007361888885e-02
3.208636492490768433e-02
4.216304421424865723e-02
5.016267532482743263e-04
6.575111183337867260e-04
1.942013204097747803e-02
1.404331624507904053e-01
2.914020419120788574e-01
1.007541664876043797e-03
1.265418624877929688e+01
6.240857124328613281e+00
3.375635016709566116e-03
9.340901672840118408e-02
6.051759719848632812e+00
1.656389562413096428e-03
5.202563852071762085e-02
5.261292681097984314e-02
1.404882073402404785e-01
4.331470280885696411e-02
5.652294158935546875e+00
1.344807446002960205e-02
5.560656547546386719e+00
5.325637385249137878e-02
4.709544777870178223e-02
5.452496528625488281e+00
9.282826632261276245e-02
1.382305324077606201e-01
1.899273192975670099e-04
1.632411498576402664e-03
5.106165885925292969e+00
5.071841180324554443e-03
2.665483159944415092e-03
6.061882595531642437e-04
4.455271363258361816e-02
1.631735125556588173e-03
6.212363764643669128e-02
9.957267902791500092e-04
9.660631179809570312e+00
4.641027450561523438e+00
4.847968742251396179e-02
3.548031300306320190e-02
3.946899995207786560e-02
4.959484189748764038e-02
3.459405561443418264e-04
2.388394437730312347e-02
5.936946719884872437e-02
8.548837661743164062e+00
5.445179995149374008e-04
4.708337038755416870e-02
4.278213500976562500e+00
8.601929992437362671e-02
4.170461907051503658e-04
4.029913425445556641e+00
7.948870658874511719e+00
3.934297561645507812e+00
2.350500551983714104e-03
6.459137052297592163e-02
3.012961475178599358e-03
5.256034433841705322e-03
1.815176510717719793e-04
1.052620075643062592e-02
2.905885688960552216e-03
1.038660760968923569e-03
4.338598251342773438e-02
2.533338963985443115e-03
1.755177509039640427e-04
7.186055660247802734e+00
3.630559146404266357e-02
3.504039525985717773e+00
2.772766947746276855e-01
5.539521574974060059e-02
8.380330167710781097e-03
3.280586242675781250e+00
3.226761341094970703e+00
1.859539560973644257e-02
1.175447087734937668e-02
9.852567745838314295e-05
1.491507864557206631e-04
5.280945450067520142e-03
1.655825413763523102e-03
4.134764429181814194e-03
1.693885860731825233e-04
2.927492141723632812e+00
7.526985369622707367e-03
2.981063842773437500e+00
4.167172592133283615e-04
8.237405563704669476e-05
2.790478467941284180e+00
1.450518146157264709e-03
7.837175577878952026e-02
1.271176617592573166e-02
1.001894008368253708e-02
4.526043485384434462e-04
1.042101811617612839e-02
3.817369043827056885e-02
2.578998327255249023e+00
2.522261142730712891e+00
3.401818103156983852e-04
5.024152755737304688e+00
5.131203215569257736e-04
1.950743794441223145e-02
2.397919654846191406e+00
6.551946626132121310e-06
1.229180097579956055e-01
2.838906273245811462e-02
1.739835739135742188e-02
4.829629883170127869e-02
1.921318937093019485e-03
3.265392035245895386e-02
3.190537099726498127e-04
2.177407503128051758e+00
1.225353684276342392e-03
1.040090993046760559e-02
2.111407518386840820e+00
1.240899146068841219e-04
6.528221815824508667e-02
2.956378739327192307e-03
1.246429746970534325e-03
1.999581217765808105e+00
5.707168485969305038e-03
5.304211284965276718e-03
1.997084617614746094e+00
2.611245214939117432e-02
1.395555119961500168e-02
1.923539042472839355e+00
1.904611945152282715e+00
2.654754789546132088e-04
4.506425186991691589e-02
1.832616806030273438e+00
1.780535459518432617e+00
1.839831590652465820e+00
1.255806349217891693e-02
3.013130975887179375e-03
1.730153523385524750e-02
2.032512798905372620e-03
1.719782352447509766e+00
1.701669216156005859e+00
4.906801506876945496e-03
1.737750053405761719e+00
1.619999170303344727e+00
1.619798541069030762e+00
1.583253383636474609e+00
1.635084390640258789e+00
1.553320169448852539e+00
1.960623543709516525e-03
3.317144140601158142e-02
1.271035149693489075e-02
5.218346603214740753e-03
4.212701320648193359e-02
1.469967328011989594e-02
4.364730045199394226e-02
1.478058338165283203e+00
7.365096360445022583e-03
4.017616435885429382e-02
5.704552563656761777e-07
1.366309165954589844e+00
1.341401366516947746e-04
5.220941454172134399e-02
9.132004342973232269e-03
3.401072695851325989e-03
3.565892577171325684e-03
4.641254432499408722e-03
2.495441913604736328e+00
1.243208765983581543e+00
8.846743963658809662e-03
5.223602056503295898e-03
1.206859588623046875e+00
1.201980590820312500e+00
2.273744437843561172e-03
1.939606666564941406e-02
8.916586637496948242e-03
3.935334680136293173e-04
1.132001519203186035e+00
1.270657777786254883e-02
1.128055810928344727e+00
5.104276351630687714e-03
4.695942625403404236e-03
4.380131722427904606e-04
6.194747053086757660e-03
1.101806061342358589e-03
1.058330655097961426e+00
4.338906146585941315e-03
3.715282306075096130e-03
2.553942613303661346e-04
3.011075221002101898e-02
1.289322506636381149e-02
9.923764467239379883e-01
2.445514127612113953e-02
9.076718561118468642e-05
2.027105353772640228e-02
9.385112524032592773e-01
7.344113546423614025e-04
4.000456101493909955e-06
1.142058637924492359e-03
9.026030302047729492e-01
2.936808159574866295e-03
2.359596237511141226e-06
1.034916378557682037e-02
3.346962388604879379e-03
5.548098590224981308e-03
1.741544716060161591e-02
8.339608907699584961e-01
4.703721031546592712e-03
6.795265711843967438e-03
6.807740777730941772e-02
1.649346828460693359e+00
7.326705381274223328e-04
8.144485354423522949e-01
2.127754851244390011e-05
7.634524106979370117e-01
2.107993699610233307e-03
1.271012122742831707e-03
1.067804172635078430e-03
1.206772401928901672e-02
1.880226423963904381e-03
9.244971908628940582e-03
5.116004496812820435e-03
3.596695838496088982e-03
7.013623714447021484e-01
9.626767598092556000e-03
8.193911984562873840e-03
8.052185876294970512e-04
3.798434045165777206e-03
6.730950437486171722e-03
1.356053113937377930e+00
4.559965964290313423e-05
6.825002431869506836e-01
4.763753968290984631e-04
4.557837964966893196e-04
6.365103721618652344e-01
1.682802394498139620e-04
9.682522504590451717e-04
1.016432046890258789e-02
6.082835197448730469e-01
9.252219460904598236e-04
9.595977026037871838e-04
9.101869072765111923e-04
1.221839338541030884e-04
1.838976022554561496e-04
6.011534482240676880e-03
2.037016383837908506e-05
4.798359703272581100e-03
5.531582236289978027e-01
1.887326012365520000e-03
5.475941896438598633e-01
1.183430198580026627e-03
5.384271144866943359e-01
9.334156056866049767e-04
9.729944169521331787e-03
4.362146864878013730e-05
5.040823221206665039e-01
6.437175325118005276e-04
5.290673971176147461e-01
1.227113716595340520e-05
8.941353298723697662e-04
9.924230575561523438e-01
4.742450080811977386e-03
5.646034143865108490e-03
6.920084124431014061e-04
4.731105268001556396e-01
1.692073419690132141e-03
4.581981301307678223e-01
8.491775952279567719e-03
4.458394646644592285e-01
8.297275751829147339e-03
2.316455065738409758e-04
2.644568216055631638e-03
4.233140647411346436e-01
2.914221724495291710e-03
5.909063038416206837e-04
8.365077376365661621e-01
1.677991077303886414e-02
1.615928718820214272e-03
2.756392117589712143e-03
4.064826369285583496e-01
7.567435386590659618e-04
2.400154713541269302e-03
3.367901663295924664e-04
6.077228463254868984e-04
1.662130467593669891e-02
1.677360851317644119e-03
3.436834958847612143e-05
6.188529543578624725e-03
5.351435393095016479e-03
1.442598877474665642e-04
6.159680197015404701e-04
1.785540953278541565e-02
2.012271579587832093e-05
6.458064890466630459e-04
8.280751353595405817e-05
2.568076597526669502e-04
6.423196755349636078e-03
1.344620715826749802e-02
8.207775652408599854e-03
2.604029607027769089e-03
2.188593847677111626e-03
8.955851197242736816e-03
9.292517788708209991e-04
4.985777195543050766e-04
1.155745936557650566e-03
8.850864134728908539e-03
9.239642880856990814e-03
5.342016229405999184e-04
4.338194776210002601e-05
2.805993135552853346e-04
1.261463330592960119e-05
2.870059013366699219e-01
3.242922830395400524e-04
1.600782707100734115e-05
9.208640083670616150e-03
8.159574936144053936e-04
1.366244046948850155e-03
1.342470059171319008e-03
7.433745486196130514e-05
2.700460851192474365e-01
3.929849190171808004e-04
3.328309394419193268e-03
2.030741597991436720e-04
5.810610218759393319e-06
1.771864295005798340e-02
5.459395470097661018e-04
3.399974666535854340e-04
4.640061873942613602e-03
2.602502936497330666e-03
2.672761213034391403e-03
5.042507778853178024e-03
5.127176642417907715e-03
3.135058504994958639e-04
3.045978955924510956e-04
1.010404317639768124e-03
6.039926665835082531e-04
1.546114654047414660e-04
9.671140287537127733e-05
2.217325568199157715e-01
2.146654129028320312e-01
1.246169558726251125e-04
1.013771165162324905e-03
4.010197517345659435e-05
2.903218555729836226e-04
4.045456647872924805e-01
2.018143534660339355e-01
9.365020669065415859e-04
1.998137682676315308e-01
1.797012984752655029e-03
1.938567012548446655e-01
4.399897443363443017e-05
4.089565481990575790e-04
8.249745587818324566e-05
1.836391687393188477e-01
1.009847983368672431e-05
3.250761656090617180e-03
1.017762679111910984e-05
1.794719398021697998e-01
2.671231981366872787e-03
2.717620460316538811e-03
2.502736606402322650e-05
1.916747540235519409e-03
8.470284519717097282e-04
1.679091481491923332e-03
3.331355750560760498e-01
1.648041605949401855e-01
2.125060855178162456e-04
1.630158573389053345e-01
1.583411940373480320e-04
3.163552284240722656e-01
1.556091010570526123e-01
1.569511294364929199e-01
1.350105274468660355e-03
6.679086014628410339e-03
3.095641441177576780e-04
1.465714871883392334e-01
1.445804834365844727e-01
1.471072435379028320e-01
4.050160641781985760e-04
2.823779582977294922e-01
9.944103658199310303e-04
1.469171547796577215e-04
8.766806568019092083e-04
1.890917075797915459e-03
1.335965543985366821e-01
3.084944328293204308e-04
5.872241454198956490e-04
2.582911867648363113e-03
6.244206451810896397e-04
4.384139174362644553e-05
2.168214181438088417e-03
1.308736503124237061e-01
3.088036086410284042e-03
1.218350157141685486e-01
1.213369891047477722e-01
2.002576820814283565e-06
5.019350792281329632e-04
2.209588419646024704e-03
3.818328841589391232e-04
1.197802424430847168e-01
6.332485099846962839e-06
2.674527349881827831e-04
2.314371764659881592e-01
1.510873516963329166e-05
9.000620048027485609e-05
2.141750155715271831e-04
8.472634362988173962e-06
3.459102939814329147e-03
1.091329831979237497e-04
4.232754872646182775e-05
1.061916649341583252e-01
6.443843449233099818e-05
5.378014757297933102e-04
9.928625822067260742e-02
1.536916679469868541e-04
1.221022976096719503e-04
3.512344846967607737e-05
1.073708292096853256e-03
9.864419698715209961e-02
9.161316556856036186e-04
7.195856596808880568e-05
9.592449350748211145e-05
2.430611493764445186e-05
9.140962362289428711e-02
1.502335180703084916e-05
3.713503247126936913e-04
2.072667411994189024e-04
8.710244297981262207e-02
2.429510641377419233e-04
4.949135472998023033e-06
5.252821720205247402e-04
1.654392927885055542e-01
5.005525308661162853e-04
1.386054209433495998e-04
2.637382931425236166e-05
1.083354218280874193e-04
1.356542110443115234e-03
8.256460726261138916e-02
9.651880245655775070e-04
9.379300536238588393e-06
7.749433815479278564e-02
1.529149413108825684e-01
1.510123908519744873e-01
1.657621469348669052e-04
7.180581241846084595e-02
1.404209583997726440e-01
7.536581251770257950e-04
4.631111733033321798e-05
5.421350942924618721e-04
6.814946234226226807e-02
3.524600469972938299e-04
6.929628551006317139e-02
6.601453572511672974e-02
2.461192198097705841e-04
9.031620575115084648e-04
1.430997945135459304e-04
8.191486995201557875e-05
7.145811687223613262e-04
4.954328178428113461e-04
1.013443805277347565e-03
1.172422616946278140e-05
1.417062958353199065e-05
1.686689029156696051e-05
8.038129890337586403e-04
5.944789201021194458e-02
2.128689375240355730e-04
8.906117873266339302e-04
1.412433572113513947e-03
5.607046931982040405e-02
5.708366259932518005e-02
6.289050215855240822e-04
5.587843805551528931e-02
6.381509592756628990e-05
3.392396320123225451e-05
1.892992295324802399e-03
2.851602330338209867e-04
1.375487190671265125e-04
1.161518594017252326e-04
1.156217767857015133e-04
6.519045996355998795e-07
1.407037489116191864e-03
3.557896707206964493e-04
5.024008080363273621e-02
1.582510012667626143e-04
6.158890755614265800e-06
1.704665337456390262e-04
5.268266249913722277e-06
2.685545155145518947e-07
2.552634105086326599e-04
9.741263347677886486e-04
9.049109066836535931e-04
6.614992162212729454e-05
9.826130553847178817e-05
3.356258384883403778e-04
8.678247779607772827e-02
8.766830433160066605e-04
9.240790968760848045e-04
1.208433415740728378e-03
4.191257175989449024e-05
9.429828787688165903e-05
4.070747271180152893e-02
5.234973505139350891e-04
7.934492896310985088e-05
8.960696868598461151e-04
1.264300044567789882e-05
3.842883557081222534e-02
3.779802471399307251e-02
3.479651059024035931e-04
3.766695410013198853e-02
6.307479452516417950e-06
3.217551275156438351e-04
1.648582692723721266e-04
2.234249222965445369e-05
2.568531272117979825e-05
2.971455687656998634e-04
1.198960308101959527e-05
2.706211489567067474e-05
3.376039862632751465e-02
9.920772165060043335e-02
5.647880607284605503e-05
1.056671244441531599e-04
1.010544838209170848e-05
3.200526162981987000e-02
8.609039241491700523e-07
3.031380856555188075e-06
3.308658779133111238e-05
3.550405017449520528e-05
3.878760253428481519e-05
7.641524280188605189e-05
2.998782110807951540e-05
3.100663423538208008e-02
2.809882280416786671e-04
5.669086749549023807e-05
3.874235699186101556e-05
3.401081485208123922e-04
3.377275425009429455e-04
3.322537522763013840e-04
2.765657380223274231e-02
6.080492166802287102e-04
4.500485010794363916e-05
5.533344665309414268e-05
1.800317259039729834e-04
1.149022573372349143e-04
2.630974166095256805e-02
1.857527968240901828e-04
3.083881456404924393e-04
1.177798258140683174e-03
2.503726631402969360e-02
3.127088712062686682e-04
2.430677996017038822e-04
1.995069324038922787e-04
5.621450836770236492e-04
5.566348409047350287e-05
2.659910387592390180e-05
2.386378182563930750e-04
4.666964709758758545e-02
7.351733802352100611e-05
2.204675972461700439e-02
9.141348527919035405e-06
8.242189505835995078e-05
2.133128419518470764e-02
2.950595808215439320e-04
4.337470090831629932e-05
2.969632078020367771e-07
2.042448706924915314e-02
2.071385970339179039e-04
1.050624541676370427e-05
2.372276794631034136e-04
2.902856067521497607e-05
1.458034239476546645e-05
1.952962577342987061e-02
3.640796057879924774e-05
2.390899135207291692e-05
9.522726941213477403e-06
1.893261447548866272e-02
1.061159764503827319e-06
9.301806130679324269e-06
3.799515525315655395e-06
2.012795885093510151e-04
2.369485300732776523e-04
4.702787350652215537e-07
5.153701454401016235e-02
9.013566159410402179e-05
3.418760024942457676e-05
6.210705032572150230e-05
1.615574547031428665e-05
1.803958293749019504e-04
1.042602798406733200e-05
5.722800779039971530e-05
1.242521284439135343e-05
4.092730159754864872e-05
4.886261885985732079e-04
2.258160820929333568e-04
4.189281025901436806e-05
1.532796770334243774e-02
1.482443045824766159e-02
1.532235927879810333e-02
5.098873953102156520e-05
1.446243189275264740e-02
7.328036008402705193e-05
1.588425220688804984e-05
8.470145985484123230e-06
1.375732757151126862e-02
1.363267347187502310e-05
6.637074875470716506e-06
1.331431977450847626e-02
1.314464490860700607e-02
1.500410417065722868e-05
1.273433864116668701e-02
4.067559711984358728e-05
1.945759286172688007e-04
1.097439781005959958e-05
1.247554458677768707e-02
2.588361894595436752e-06
1.227811910212039948e-02
4.113296017749235034e-05
1.723456516629084945e-04
1.222581195179373026e-04
5.171952579985372722e-05
1.130064111202955246e-02
1.099915709346532822e-02
1.096988003700971603e-02
2.871368778869509697e-04
5.849141598446294665e-05
2.939808109658770263e-05
1.033883355557918549e-02
4.037549842905718833e-06
2.722121644183062017e-05
2.024875357165001333e-05
2.619595034047961235e-05
9.743930771946907043e-03
4.446874299901537597e-05
2.834791985151241533e-06
7.270096102729439735e-05
1.347048528259620070e-04
2.504775693523697555e-05
9.111013263463973999e-03
1.777943782508373260e-02
7.967038982314988971e-05
1.500168036727700382e-05
8.596593514084815979e-03
8.644418790936470032e-03
9.814279110287316144e-06
2.499614492990076542e-05
8.904279638954903930e-06
8.152768947184085846e-03
1.996933633563457988e-06
8.016068488359451294e-03
8.090579649433493614e-05
2.140891410817857832e-06
4.744699617731384933e-05
3.347331949044018984e-05
3.635486064013093710e-05
7.679062895476818085e-03
1.455768506275489926e-05
2.477367161191068590e-05
1.498964615166187286e-02
1.986366260098293424e-05
7.222969084978103638e-03
7.132028229534626007e-03
1.713508027023635805e-05
6.930219940841197968e-03
6.330066753434948623e-06
8.245423668995499611e-05
6.796787958592176437e-03
6.638161372393369675e-03
1.682080182945355773e-04
1.462150976294651628e-06
9.183076144836377352e-06
7.442106834787409753e-06
1.110933953896164894e-05
2.700141976674785838e-06
4.061943741362483706e-07
6.183122284710407257e-03
4.453739893506281078e-05
1.583104021847248077e-04
4.669284680858254433e-05
5.902707111090421677e-03
3.247998847655253485e-06
5.792481359094381332e-03
8.731522939342539757e-06
1.380947196594206616e-05
1.089913166651967913e-05
5.627970211207866669e-03
1.988228905247524381e-05
2.322923080555483466e-07
2.226731157861649990e-05
5.402244161814451218e-03
1.749487637425772846e-05
1.713620076770894229e-05
1.901838368212338537e-05
9.563162166159600019e-06
3.296772774774581194e-06
1.277268893318250775e-05
2.457845312164863572e-06
5.051035434007644653e-03
5.004841834306716919e-03
4.926301073282957077e-03
1.607158628758043051e-05
4.876196850091218948e-03
4.851168952882289886e-03
4.764830693602561951e-03
4.757433664053678513e-03
9.376412257552146912e-03
3.008251951541751623e-05
7.736186489637475461e-06
4.520406946539878845e-03
8.303122740471735597e-06
3.206107794540002942e-05
4.408443812280893326e-03
1.897635229397565126e-05
6.413627033907687292e-06
5.007155050407163799e-05
4.343830369180068374e-05
4.199991002678871155e-03
4.171565175056457520e-03
1.033952685247641057e-06
1.198418431158643216e-06
6.177774025672988500e-07
1.912663174152839929e-05
3.935233689844608307e-03
1.829004031606018543e-05
2.348698581045027822e-05
9.242546184395905584e-06
3.829049877822399139e-03
1.512261633251910098e-06
3.161943368468200788e-06
4.379145593702560291e-06
7.176995495683513582e-06
2.179464172513689846e-05
7.127458229660987854e-03
2.882109220081474632e-05
1.071104907168773934e-05
9.801378837437368929e-06
1.273707312066107988e-05
1.000988686428172514e-05
3.371140453964471817e-03
7.961796654853969812e-06
1.646039527258835733e-05
3.257275093346834183e-03
8.462739060632884502e-06
3.220144193619489670e-03
8.811657608021050692e-07
1.707458977762144059e-06
1.788970985217019916e-05
2.202418909291736782e-05
3.069935133680701256e-03
3.026307560503482819e-03
6.042603403329849243e-03
2.959305420517921448e-03
9.368952305521816015e-06
2.000200402108021080e-05
2.894773846492171288e-03
2.668435445229988545e-05
8.563449227949604392e-06
1.623453499632887542e-06
8.724609870114363730e-06
2.713052323088049889e-03
2.692833077162504196e-03
2.667991910129785538e-03
5.294692702591419220e-03
1.419682484993245453e-05
2.576760249212384224e-03
4.743372301163617522e-06
7.816344805178232491e-06
3.839033524855040014e-06
2.471397237968631089e-06
2.887161599574028514e-06
2.440672367811203003e-03
8.602239176980219781e-06
6.464528269134461880e-06
2.351969247683882713e-03
1.077471370081184432e-05
4.031892046896246029e-07
1.656215681578032672e-05
2.281515859067440033e-03
6.486449819931294769e-06
9.604606020729988813e-06
6.813691925344755873e-06
1.497866014688042924e-05
5.281815447233384475e-06
1.537419120722915977e-05
7.564912039015325718e-07
7.716344043728895485e-06
4.350549261289415881e-06
2.043419051915407181e-03
2.016665879637002945e-03
7.825901775504462421e-06
1.596215406607370824e-05
3.913911990821361542e-03
7.988563083927147090e-06
1.923521398566663265e-03
1.924263779073953629e-03
1.880174735561013222e-03
1.869876286946237087e-03
1.882898039184510708e-03
1.843661302700638771e-03
1.019417936731770169e-06
2.691886038519442081e-05
2.153652303604758345e-06
1.759425038471817970e-03
5.851628884556703269e-05
3.911092790076509118e-06
4.442572532070698799e-08
1.093158061848953366e-05
6.231296538317110389e-06
8.114711818052455783e-06
2.820827603500219993e-06
1.936687294801231474e-05
3.377482698851963505e-06
2.948469045804813504e-06
1.582058030180633068e-03
2.128275355062214658e-06
8.771204988988756668e-07
1.547650783322751522e-03
1.519228797405958176e-03
9.805344234337098897e-06
1.349403078165778425e-06
7.896327929302060511e-07
1.447949791327118874e-03
2.140959986718371511e-05
4.637354891201539431e-07
7.454119440808426589e-06
7.018176688688981812e-07
1.388418721035122871e-03
1.842852697109265137e-07
4.703551439888542518e-06
1.345635857433080673e-03
4.903106855635996908e-06
6.473500889114802703e-06
1.297669019550085068e-03
6.407058208424132317e-07
4.353426902525825426e-06
2.556648269091965631e-06
2.358002802793635055e-06
7.739234206383116543e-06
2.408329601166769862e-05
1.843466452555730939e-05
1.447346420491157915e-07
1.181357307359576225e-03
5.925779078097548336e-06
1.183399348519742489e-03
5.534108709071006160e-07
1.145347720012068748e-03
7.321163138840347528e-06
1.115973340347409248e-03
6.044808742444729432e-06
1.163139017990033608e-06
5.116652914693986531e-07
1.049639308803307358e-07
1.051502476911991835e-05
4.990208253730088472e-06
2.477778707543620840e-06
2.154924914066214114e-07
1.396099833073094487e-06
7.242256572226324352e-08
2.293611345294266357e-07
6.395086529664695263e-06
1.396082643623230979e-05
3.999135060439584777e-06
7.666822057217359543e-07
3.015834181496757083e-06
9.586403612047433853e-04
1.879947609268128872e-03
3.240795194869861007e-06
8.207663171333479113e-08
9.199259802699089050e-04
1.211818744195625186e-05
7.964287760842125863e-06
8.548433470423333347e-06
1.478573540225625038e-05
8.561102440580725670e-04
3.663404640974476933e-06
3.942938917589344783e-07
1.661165850237011909e-03
4.526628316625647130e-08
6.583790309377945960e-06
2.046657243681693217e-07
6.703731742163654417e-06
1.696861033906316152e-07
7.886145613156259060e-04
1.041430550685618073e-05
1.325760194959002547e-06
1.170887298940215260e-05
4.126187377551104873e-06
7.558894576504826546e-04
8.351722499355673790e-06
7.333918474614620209e-04
6.115305950515903533e-07
1.316990505983994808e-06
5.664909394909045659e-07
1.811336915125139058e-06
7.163438713178038597e-04
1.727730477796285413e-06
5.368987331166863441e-06
2.633369149407371879e-06
9.177728088616277091e-07
4.259778052073670551e-06
2.444439530790987192e-07
7.776406363291243906e-08
2.255026601005738485e-07
1.681707885836658534e-06
8.104497055683168583e-07
4.819515652343397960e-06
6.247651763260364532e-04
7.644169954801327549e-07
6.082487525418400764e-04
2.091820306304725818e-06
1.201026490889489651e-03
3.633974756667157635e-07
1.079753201338462532e-05
3.368442662576853763e-07
2.622371084726182744e-06
1.927516848354571266e-07
5.350336209630768280e-07
5.623071338050067425e-04
1.108305092145656090e-08
2.396166109974728897e-06
4.263877599441912025e-06
4.648189531053503742e-07
2.625793058541603386e-06
6.987451683926337864e-07
1.654900074754550587e-06
1.403694085411189008e-07
3.644222260845708661e-06
1.091927060770103708e-06
1.264209686269168742e-06
1.343054805147403385e-06
4.905044334009289742e-04
4.794769920408725739e-04
4.834308056160807610e-04
1.382239474878588226e-06
3.091459348070202395e-06
1.980480647034710273e-06
2.237884245914756320e-06
4.539220535662025213e-04
9.246614645235240459e-04
1.955173047463176772e-06
5.818526460643624887e-07
3.932686354346515145e-07
7.826852197467815131e-07
9.290730531574808992e-07
4.185115685686469078e-04
8.270811804322875105e-07
6.268166998779634014e-07
5.695881554856896400e-06
4.139785887673497200e-04
4.047180700581520796e-04
4.694800281868083403e-06
4.019951447844505310e-04
1.124990649259416386e-05
1.725952984088507947e-06
2.802502763188385870e-07
1.713535084491013549e-06
3.905562380168703385e-07
1.016537112263904419e-07
2.026344390060330625e-07
4.894793619314441457e-07
8.123392376546689775e-07
1.771880306478124112e-06
7.443331924150697887e-07
3.585422527976334095e-04
1.197117960316518293e-08
3.495189303066581488e-04
2.992153440573019907e-06
1.405451257596723735e-06
2.870247044484131038e-07
3.236797851968731266e-07
2.403928874628036283e-06
3.277953655924648046e-04
3.218469259991252329e-07
1.562508032293408178e-06
1.418899955751840025e-06
2.050339844572590664e-06
5.953079380560666323e-07
2.488200152583885938e-07
3.490203653200296685e-06
1.765914930729195476e-06
5.052737378719029948e-06
1.240002802660455927e-07
2.966492902487516403e-04
1.014339659377583303e-06
7.582862508570542559e-06
2.264535368112774449e-07
6.979600470913283061e-07
1.165077264886349440e-06
2.918472091550938785e-06
2.530814299461781047e-06
2.890722271331469528e-06
3.509280759317334741e-06
1.909366744712315267e-07
1.788591362128499895e-06
7.871013707472229726e-08
4.228109844461869216e-07
5.059430259279906750e-04
3.563930249583791010e-06
8.034520533328759484e-07
2.653008266406686744e-07
2.439300151308998466e-04
1.605198804099927656e-06
2.359299396630376577e-04
1.031145416163781192e-06
4.816633758508714891e-09
6.519589135223213816e-08
3.910007535523618571e-07
1.345848772871249821e-06
8.331369372172048315e-09
4.144803369854344055e-06
4.539185454177641077e-07
2.187759237131103873e-04
2.940562808362301439e-06
4.169681051280349493e-04
1.491009925302932970e-06
2.865004375962598715e-07
1.025677420329884626e-06
8.414398848799464758e-07
3.131954997570574051e-07
2.003925474127754569e-04
1.268224536943307612e-06
1.988614094443619251e-04
4.105011157662374899e-07
6.956302911476086592e-08
2.573935489635914564e-06
7.106054908945225179e-07
1.841257617343217134e-04
1.862858043750748038e-04
2.090855332426144741e-06
4.023474502901080996e-06
5.827561722071550321e-07
1.756719429977238178e-04
1.292989850298909005e-06
1.139168119834721438e-07
3.711895146807364654e-07
8.487066907036933117e-07
2.244591087219305336e-06
1.203039978747710848e-08
6.132076464382407721e-07
3.962974005844444036e-06
1.612105988897383213e-04
1.678315456956624985e-04
3.526633918227162212e-07
3.756355908990371972e-06
3.173704026266932487e-04
1.530543668195605278e-04
1.102132046071346849e-06
2.022763510467484593e-06
1.479787169955670834e-04
1.607064632480614819e-07
7.598514173423609463e-08
9.796735866984818131e-08
4.597491169988643378e-07
1.195824665956024546e-07
5.406035597843583673e-06
1.104658394979196601e-06
1.583604216648382135e-07
1.089155830413801596e-06
7.082653610268607736e-07
2.364859881254233187e-07
2.950564521597698331e-06
1.358518784400075674e-04
1.288591447519138455e-04
1.276859984500333667e-04
6.865199964067869587e-08
1.270238426513969898e-04
5.557869187100550334e-08
1.135729448265010433e-07
1.962095836915977998e-07
2.546206303577491781e-07
2.259794200654141605e-06
3.458273567957803607e-06
1.439053676222101785e-07
1.168956951005384326e-04
2.797043237023899565e-07
8.095411203612457030e-07
1.116345229092985392e-04
2.320568910363363102e-06
9.129283853326342069e-07
2.396954243977234000e-07
3.061023789996397682e-07
1.089793073560940684e-07
1.423551623247476527e-07
2.751385252963700623e-08
1.665008994677918963e-06
1.041029172483831644e-04
1.489330543336109258e-07
1.343487241456386982e-07
2.699636603153976466e-08
1.115494569603470154e-06
1.570061840538983233e-07
1.012452266877517104e-04
1.964183029485866427e-04
1.551245986775029451e-06
6.953779916329949629e-07
6.307285360662717721e-08
3.640717949338068138e-08
5.049341211815772112e-08
1.432514977750543039e-07
9.035042603500187397e-05
1.099770496892915617e-09
3.931567107429145835e-07
3.007802433785400353e-07
2.941161758585053576e-09
3.633333562902407721e-07
1.642781426198780537e-04
8.623831672593951225e-05
8.283755596494302154e-05
1.941812755035243754e-08
8.603012702224077657e-07
3.239617640815595223e-08
1.276418856832606252e-06
1.826511777380801504e-07
7.756239938316866755e-05
7.690013444516807795e-05
7.785435514051641803e-07
3.167985482832591515e-07
7.430908590322360396e-05
7.328045467147603631e-05
7.257980905706062913e-05
2.514502028816423262e-08
1.044185637510963716e-06
3.633169853856088594e-07
1.185093410072113329e-07
7.196301226031209808e-07
6.142973916212213226e-07
6.580705758096883073e-09
4.372905948457628256e-07
6.936852514627389610e-07
2.982960268127499148e-06
6.530029349960386753e-05
4.760418903515528655e-07
2.188000252090205322e-07
1.245549210580065846e-04
3.215163957293043495e-08
2.630270898862363538e-07
6.202016083989292383e-05
2.580294022891393979e-08
1.673051883699372411e-07
5.968902405584231019e-05
9.182578963873311295e-08
5.909290848649106920e-05
1.127165319303458091e-06
6.692871465929783881e-07
1.238919651314063231e-07
1.924561274790903553e-07
6.260696636672946624e-07
5.509804395842365921e-05
5.489633986144326627e-05
5.483901622937992215e-05
9.983999404994392535e-09
1.771028337316238321e-07
1.888563360807893332e-06
5.563698834976094076e-08
2.178145663833674917e-08
3.251563782669109059e-07
5.421288369689136744e-05
5.171946759219281375e-05
8.898343821783782914e-07
4.892658762400969863e-05
4.781842289958149195e-05
2.225576963610365056e-06
2.596675301447248785e-07
3.358499967021089105e-08
4.631551200873218477e-05
2.659531617155153072e-07
6.321089927041612100e-07
6.839794650659314357e-07
1.421133788426232059e-07
1.205457692776690237e-06
4.340855957707390189e-05
2.772145535345771350e-07
5.949608450350751809e-08
4.238424298819154501e-05
7.703653750468220096e-07
9.299020575781469233e-08
4.067182453582063317e-05
1.623527055016893428e-07
4.000473563792183995e-05
2.966984524732652062e-08
4.171005798525584396e-07
2.797215969962962845e-08
3.967317388742230833e-05
2.147309707822842029e-08
7.440218178089708090e-05
6.753326431407913333e-08
5.500443123196419037e-08
1.330680788669269532e-06
1.988988174161931966e-08
2.282169830891689344e-08
2.381056418698790367e-07
8.402908235893846722e-08
4.209898207818696392e-09
2.762672224321249814e-08
1.342500581813510507e-07
3.440885484451428056e-05
9.930345549946650863e-05
5.363696686799812596e-08
4.642717144065500179e-08
3.502425443002721295e-07
3.216689219698309898e-05
3.236392512917518616e-05
2.602236577331495937e-07
3.193052543792873621e-05
1.325039420407847501e-07
2.725283252402732614e-07
5.609990694210864604e-09
3.055804427276598290e-07
2.283633904198723030e-08
2.378046914941478462e-08
4.966922984017685394e-10
1.963304541163779504e-08
2.835059967765118927e-05
3.665762733362498693e-07
3.854707131267787190e-08
2.748885162873193622e-05
1.526578103039355483e-06
5.427795258583500981e-05
3.522679321577015799e-07
2.650595342856831849e-05
5.339490235201083124e-05
3.853465457837046415e-08
1.385634629258447603e-08
2.562778536230325699e-05
6.154748461995040998e-07
3.052234092137950938e-07
2.309131730271474225e-07
4.607262837907910580e-08
