4.702290206255516125e+01
2.993430004837069873e+02
1.516123623067364008e+02
1.376764649251037440e+02
3.808504943621673533e+02
2.253881515100271429e+02
1.896336566258658962e+01
7.428675203637549203e+02
2.960779331883392160e+02
2.877437152768308692e+02
1.181930007750304981e+02
2.903903980956432065e+02
2.514286286880837906e+02
-5.060841951541168982e+01
-2.339462815571509680e+01
-2.672013197568557530e+01
-6.830079766436520572e+01
-1.296427361684531121e+01
-1.023916368475406813e+02
1.772700488128854204e+02
7.243223020929201539e+01
3.144612964197764882e+02
1.716946019925882752e+02
1.462902400542060946e+02
1.289541784200726511e+02
3.445147955805549600e+02
3.038450437961496391e+02
8.543472992060081879e+02
4.428419603726446496e+01
1.751685936822863141e+02
6.909507159567945109e+02
5.208616581568086303e+02
3.177703135813485460e+02
1.006721837416354447e+03
7.524856737916795737e+02
8.624603518361222996e+02
3.394184243881728946e+01
5.092728305181922224e+02
2.314253104647973032e+03
7.177575320264724724e+03
2.218795401026367017e+03
2.512546573008450196e+03
8.285751350915903458e+03
5.765653129686163993e+03
4.645241904293961852e+03
1.654922896847127504e+03
3.065059769030032385e+03
6.199224258334388651e+03
6.634891682339893123e+03
5.670963195109869048e+03
1.037274269138410455e+04
8.356891220431843976e+03
5.780104445292789933e+03
1.223831662492468058e+04
4.219531727313102238e+03
1.218263280957458301e+04
1.033519321769540693e+04
5.932522136752843835e+03
7.229363208625735751e+03
6.429145220382253683e+03
1.549138608726836719e+04
6.428556727617768956e+03
1.108364350163294512e+04
7.006883404218114265e+03
6.119003601306639212e+03
7.571366639135592777e+03
8.071812033682996116e+03
6.587980920470894489e+03
5.430927172330490976e+03
7.964677874153361699e+03
5.940715850717380818e+03
1.312097091430982255e+04
8.811932797292356554e+03
7.120746524663199125e+03
6.508432002734333764e+03
1.312210287242592858e+04
1.329365073429953190e+04
6.183498471687227720e+03
2.326962932418321725e+04
1.390198015171106817e+04
1.359891216796583649e+04
9.032559246342707411e+03
7.202215954918726311e+03
1.629948740514100245e+04
1.309369521599932705e+04
1.515915602134143046e+04
1.663784578819202943e+04
1.453976888526858420e+04
2.426742043769654993e+04
6.865150067497705459e+04
7.684296598815803009e+03
5.738737770652156541e+03
6.719822357267700681e+03
1.444787305217441462e+04
8.818707096352316512e+03
1.080042403651254790e+04
6.448632929023293400e+03
1.335384880582364531e+04
1.434109138618993165e+04
2.505062840692291866e+04
7.110161399382207492e+03
1.396603143370370344e+04
6.191584661178982060e+03
5.116906778147238583e+03
1.478378968155676193e+04
1.193632315444215419e+04
1.049358388171909428e+04
7.770431316398288800e+03
1.415653643498498968e+04
5.576455572380607919e+03
2.608115553926486973e+04
6.433713867443602794e+03
1.342372857053853477e+04
6.166062958407832411e+03
5.989428043485783746e+03
1.441109427562278870e+04
1.407144489626562427e+04
1.516243815212109985e+04
1.480479180186652229e+04
1.354798795284871267e+04
1.815912143310297324e+04
1.673892385748810921e+04
2.729701850109977386e+04
2.561607338798837736e+04
1.616438727654974900e+04
1.971426632730970596e+04
1.391910335971028690e+04
5.805762215497500438e+04
1.885234716461343851e+04
2.780415009056901908e+04
2.756481280512020385e+04
7.762819799753853658e+03
6.337072904053281673e+04
1.581744067296876528e+04
1.545058837536147621e+04
2.459233638172183055e+04
1.395677361445130009e+04
4.096945881523872958e+04
2.531580082000681432e+04
3.264596741740958532e+04
4.180801699253908009e+04
2.665173549967947474e+04
1.699108021133002694e+04
5.423177519490748091e+04
4.530321389216152966e+03
1.416740863386419187e+04
1.338515685465207207e+04
6.618349456638790798e+03
2.825298509090373773e+04
1.417395536553639795e+04
4.280663951918933890e+04
1.437533806319147152e+04
1.527093472167848631e+04
2.637266323611762709e+04
1.460068433381318573e+04
1.295448440035795284e+04
1.437212715994056089e+04
4.300215908512452734e+04
5.370523859147405892e+04
1.498856658511436035e+04
1.707731672959914795e+04
1.473438976365845519e+04
1.779060949964690371e+04
1.475437992555677738e+04
1.425469011851622781e+04
9.667893333200483175e+04
2.346241773337024642e+04
1.418347047415170164e+04
1.433788506711830451e+04
1.460334716838911481e+04
2.662128698247625289e+04
8.109982651165987591e+03
1.383062286868062256e+04
1.521352731575450525e+04
1.519545528011931856e+04
1.599576650281104230e+04
1.546764414565651896e+04
4.122965513222428126e+04
1.428858838135686347e+04
4.159728419154732546e+04
1.557170141612724547e+04
2.724290237567325676e+04
2.312436593072587857e+04
1.810865345412640818e+04
1.451740787571148940e+04
1.411066647282726626e+04
1.402134183695567299e+04
1.335198383643114903e+04
1.480260858447845567e+04
1.420267573161116525e+04
1.471489919221072159e+04
1.400547706906396161e+04
1.515776484695643012e+04
3.058562752816566717e+04
1.476454770257533892e+04
1.447563817608502541e+04
1.426171138457206507e+04
1.504724174961535573e+04
1.228054466811244856e+04
1.434257196978415959e+04
1.480538212296068195e+04
1.573987674284398963e+04
1.417448487772631051e+04
1.405387491491839864e+04
1.407615734274592069e+04
8.104488725791507022e+03
1.288333259861185979e+04
1.707282981782922070e+04
1.504568147550278445e+04
2.757122695489113903e+04
1.387800617624372899e+04
1.573823572612782664e+04
1.360119114228430590e+04
2.717288093386793844e+04
1.499415490664373283e+04
1.262283446464585904e+04
1.528275320353797906e+04
1.502696760229955180e+04
1.292270284118169002e+04
1.533524247734110759e+04
1.547798834795515540e+04
1.520683715350370949e+04
1.407225646365907414e+04
1.511254006568055047e+04
2.421308174922535181e+04
1.444097534196310880e+04
5.496063671589531441e+04
7.539401815411489224e+03
4.046872650805753801e+04
4.304876825492247735e+04
2.377336851897107044e+04
1.398939305050552503e+04
3.865357794295573694e+04
1.495273708123032338e+04
1.547201268936826818e+04
1.408614369225042901e+04
3.751885268255418487e+04
1.472578855826209110e+04
1.577917503012713132e+04
1.541505775158315191e+04
3.311050986850855406e+04
1.448261110637357888e+04
2.339520227319771584e+04
7.951628747420029867e+03
1.554575001988305485e+04
1.543476479195406864e+04
5.986284092918794340e+04
1.489913526114110209e+04
4.410061927420079155e+04
5.474918653984785487e+04
1.592075694274643138e+04
3.994814219499500905e+04
4.350475436254083615e+04
2.638580475482391557e+04
4.318210484779855324e+04
1.574267365203162080e+04
4.513645337277073850e+04
9.743804578195090289e+04
1.518868317294049484e+04
1.157669502844267663e+04
7.227025597583953640e+04
2.777083231461211108e+04
5.006809849421525541e+03
1.629156595329797528e+04
2.383967037961959068e+04
1.312257747491232585e+05
1.075717766885767014e+04
1.433708928913418458e+04
2.909528643177403501e+04
6.915639158815376504e+03
9.697452494937317169e+03
2.779888858619269740e+04
1.643803192191165726e+04
7.941245399243296561e+03
1.527709992951489585e+04
2.855695370126286070e+04
1.604945653463106828e+04
3.037346579043422753e+04
1.622066441880760067e+04
1.533677240150426042e+04
1.562160888883000553e+04
1.639782077803302309e+04
1.118905642888466355e+04
1.263030831280653183e+04
1.694189808443816946e+04
2.647574172474837542e+04
3.502101667551991704e+04
1.626921190979069615e+04
2.765488670856315730e+04
5.691684424981316988e+04
4.555521809891065641e+04
1.598086050709356277e+04
1.614684980752681076e+04
1.604877761903267128e+04
6.603240833965393540e+04
2.790835458262128668e+04
1.478888996068838060e+04
1.676529221212726407e+04
1.578983717147846619e+04
2.949611814389170831e+04
1.635203501610185231e+04
1.674180708215850609e+04
1.653835960143157354e+04
1.672946636494499762e+04
4.471934403936237504e+04
4.388336321443576890e+04
1.490896484762039654e+04
1.605323846554075135e+04
1.658105280662755831e+04
3.781864942341635469e+04
1.533083090029510822e+04
7.545141426210207101e+03
1.602927490461862180e+04
1.251215459936035586e+04
1.567760816620479454e+04
1.632773119698137998e+04
6.788838511894002295e+03
1.618808241367146547e+04
1.588845283779721467e+04
1.572212175673163256e+04
1.636343893447501796e+04
1.680908387724788190e+04
1.617129265860460873e+04
1.610012748791274498e+04
1.620325279410133771e+04
1.572347255511914409e+04
4.466887702035016991e+04
1.668213888671585664e+04
1.597955631603078655e+04
1.617214427802577848e+04
1.681349378924487610e+04
1.503461648769037311e+04
4.631848622748585331e+04
2.906712466925115223e+04
1.665865126131664147e+04
1.632718196086864555e+04
1.499806054069818492e+04
1.659176892606240290e+04
1.616873933666288394e+04
1.650338262422267144e+04
1.619751661389291075e+04
9.881960774454686543e+03
1.660693921048371703e+04
1.664623511335222793e+04
1.638238286249081284e+04
1.601484784324858447e+04
1.625175915277002605e+04
1.613413902824992147e+04
1.703155089065641005e+04
1.661909579173316160e+04
1.671462525817982896e+04
1.646333178628668611e+04
1.727244189307825218e+04
1.679028769218175148e+04
1.560542478932807171e+04
1.660990065797539501e+04
1.703349931974721403e+04
1.644970131958453567e+04
1.647011301234516213e+04
1.659591792942185930e+04
1.564730200608809355e+04
1.665223269214838365e+04
1.578405884343445359e+04
1.643059763317854959e+04
1.653327361046029546e+04
1.652623548561521602e+04
1.650130780418010181e+04
1.601052319415526108e+04
1.631684218425669133e+04
1.643647145707471282e+04
1.631098466688631197e+04
1.552955413138737094e+04
1.530984358022829292e+04
1.675657846084049015e+04
1.627096205885066229e+04
1.681041769102089529e+04
1.600173380470151642e+04
1.672463937413528402e+04
1.562453883054009566e+04
1.652706883189135988e+04
1.665453826399619720e+04
1.673732919720328209e+04
1.622094333433036809e+04
1.659583773364710578e+04
1.595142773602516900e+04
1.689326067484724990e+04
1.704910192831826498e+04
1.675123143591131884e+04
1.640770344300589568e+04
1.656422070017649821e+04
1.670029735293078920e+04
1.642565123198715810e+04
1.718197771437968549e+04
1.730554706661113596e+04
1.688110311657425336e+04
1.698908683677233421e+04
1.705736342168140982e+04
1.656529355590304476e+04
1.736525639727665111e+04
1.706027659748915175e+04
1.632589637802211291e+04
1.630408655751568949e+04
4.526194112772110384e+04
1.687907339150110056e+04
1.665443276211114062e+04
1.595091087138695912e+04
1.664667299332341645e+04
7.499266424032590294e+04
1.574668496985327511e+04
1.621818572889167808e+04
1.536913318230531331e+04
1.640782764179355581e+04
4.637318756271209713e+04
1.642771231454361623e+04
1.626175078424505409e+04
1.700330233973477880e+04
1.656140486227435758e+04
2.912894563479012868e+04
1.623855136837736063e+04
4.450954162730101962e+04
1.688907286525184463e+04
1.613314743597663073e+04
4.460913584000831906e+04
5.701870006305321294e+04
1.661953614590556026e+04
6.079254293292062357e+04
1.036485635952656448e+05
1.567990057840409099e+04
1.540951120024688498e+04
4.451732735563415190e+04
2.973533296341347159e+05
2.621351109020198055e+05
7.787822737628231698e+04
1.684522710739205650e+05
3.792549992283087922e+05
1.054059208884063264e+04
3.098707100084054400e+05
2.663005470812482599e+04
1.432540125568185176e+05
1.361204726894649793e+05
