9.042237415347590286e+02
3.203649702011611566e+01
-1.424596243085483138e+01
-2.500202453261570668e+01
-1.003229457646754952e+02
-1.281758033495549967e+02
-9.506826219349774476e+01
-1.577124169833228962e+01
-1.625643589665065747e+01
1.328907933911762029e+01
2.224507386744696191e+02
2.657768373139116989e+02
2.972195376028028591e+01
4.883658666777651547e+01
-7.575465175576493948e+01
-1.268353529639013857e+02
-9.398194719507999650e+01
8.556823097682041634e+00
-4.428027519542467871e+00
3.910721852388559228e+01
2.414092316369615219e+02
3.011803665981163931e+02
6.083313017053740168e+00
-3.581526506197343451e+01
1.124862849912338447e+02
2.987363860668554594e+01
-1.184748325962189739e+02
-1.706970959578909799e+02
-9.695328693595362779e+01
-1.454163708958554651e+02
-8.436085599045779304e+01
-4.564120003731238739e+01
-6.759261374154272062e+01
-2.992636879094510505e+01
-1.154250774334860239e+02
-7.381054766876704321e+01
2.395174465287556131e+01
-1.054351021906402934e+02
2.969240822487437867e+02
-6.881239758541235574e+01
9.294325067369419457e+01
-2.071706311345892004e+01
5.394494863612703739e+01
4.185746696740324069e+01
9.295665618707619160e+01
2.457488261224881398e+01
6.039194629164770731e+02
7.194948114786177484e+01
3.471953007342096953e+01
-3.091036143845292372e+01
1.667048204362827732e+02
-4.813794576709713624e+01
1.180178660596558871e+02
2.770609591817585624e+02
1.695689515578336568e+02
1.257503580037082429e+02
4.802000050496025096e+02
1.386647687974475502e+02
1.042269866049477400e+01
7.838778175115010072e+00
5.157521838792633844e+02
1.480806463788465408e+03
2.200295381329407292e+02
3.193615295533915059e+02
2.962624873487067134e+02
1.097706436309909350e+03
8.102636189774980267e+02
1.335073540426709769e+03
2.625516453830397268e+02
2.904905907647084405e+03
3.670164077772288920e+02
2.639702738430107274e+03
2.374614146728294145e+03
3.644570909579492309e+03
3.944978994712164422e+02
9.092204172928807111e+02
2.699122509331485162e+03
2.809506264629643283e+03
2.748139406963736292e+03
6.278611395666735007e+02
1.725483446261411018e+02
4.169808539987880067e+02
4.397776630605182618e+03
5.605582452964011964e+02
6.068337004824091309e+03
8.107025192583775606e+03
3.519521464712803663e+03
8.054970889186281966e+03
5.014518146411935049e+03
5.935130313970708812e+03
4.554909627168331099e+03
6.204589506962368432e+03
5.383506872478741570e+03
3.377058316265469330e+03
6.944556124173866465e+02
4.016447267674932846e+03
6.762645366316605759e+03
5.562993516356881628e+03
1.314606301754036576e+04
1.312346844468424388e+04
4.778963308519174461e+03
8.569617180147659383e+03
1.241542553049650087e+04
1.346904687267439294e+04
6.170257432911558681e+03
1.371599283427580121e+04
8.646779091219474140e+03
7.218093785314546949e+03
5.932916098550344032e+03
5.823716575208779432e+03
6.099625071354904321e+03
3.630277489130205140e+03
1.199094558224391221e+04
1.171765854078513985e+04
1.361124769304261099e+04
7.554403116251342908e+03
6.628899338742016880e+02
7.086244211769972026e+03
5.832975663343264387e+03
5.980802019710588866e+03
1.347426163598411222e+04
8.222534017596017293e+03
6.224256804698560700e+03
7.753005737786049394e+03
1.314006841746182727e+04
1.213353185074976136e+04
1.262762404070555749e+04
7.800231010683581189e+03
6.716408652632844678e+03
6.462236135299018315e+03
1.296696139923595183e+04
1.343643406267222417e+04
9.895614404534597270e+03
7.239157586080807960e+03
7.413116930906130619e+03
1.238308719901821496e+04
5.903561994231922654e+03
6.751947935818167934e+03
6.890280162242561346e+03
5.860230243229946609e+03
6.591476914626113285e+03
6.632089776857436846e+03
7.718606116010075311e+03
7.347995574931666852e+03
8.365577767927468813e+03
7.489983839525685653e+03
5.972463115974451284e+03
1.199147217573668422e+04
1.259890424371732479e+04
1.226125838828296037e+04
1.202951944544708931e+04
7.574506075848331420e+03
1.204568215063642674e+04
5.837497180533938263e+03
1.340372804661284863e+04
1.311151367694471446e+04
5.766048129514413631e+03
6.468501343546814496e+03
5.393055882319806187e+03
8.540431945766429635e+03
1.343261722306965385e+04
1.314208584721677653e+04
1.475039194671838777e+04
1.209720538527746066e+04
5.485520363258286125e+03
7.071322585962719131e+03
6.833203292714829331e+03
1.216589416698384775e+04
6.152682993211088615e+03
1.396049077534148091e+04
1.125980972765290062e+04
1.178003937614938332e+04
1.024291504378248464e+04
1.086100976973970319e+04
1.428836152145926644e+04
1.251368090426233903e+04
1.252033639712789227e+04
1.419589744912160313e+04
1.217297001493618154e+04
1.309730088039965813e+04
1.354849455993747688e+04
9.854713608261639820e+03
1.283786073989559009e+04
1.416493638116157126e+04
1.283982793409225269e+04
9.008107896292916848e+03
1.391607915571302692e+04
1.099608754681983555e+04
1.128920648455308401e+04
8.204463280941770790e+03
8.347401726484786195e+03
7.006843023743848789e+03
9.920045671662315726e+03
8.107437289546713146e+03
8.979616904389524279e+03
1.507194671690861287e+04
1.028811239273099454e+04
1.437583719769624076e+04
9.940248928316294041e+03
9.829232518505430562e+03
6.495625097218315204e+03
1.266602367986609352e+04
1.450488134145270669e+04
6.433842161216841305e+03
8.182251301859952036e+03
1.268645885728916437e+04
1.740704541351773150e+04
1.204801578521071679e+04
1.346464417534710446e+04
1.138070106187015699e+04
1.299858382436925785e+04
8.857473740164996343e+03
1.350899666690130289e+04
1.407684562675448251e+04
1.392613867682873024e+04
1.309343745020705319e+04
1.189283265218327142e+04
2.500811526061775294e+04
1.241634668160046022e+04
3.860754664979145673e+03
1.348711975511850869e+04
1.021443097932508499e+04
1.074226409253946440e+04
1.315686984927486810e+04
1.306412020713526726e+04
1.315642069075193285e+04
1.342780397248228110e+04
1.358198251615643494e+04
1.307355236274184426e+04
1.468952114146094209e+04
1.118960589302933113e+04
8.628781977358690710e+03
1.449737142884468085e+04
1.474759449003093323e+04
1.315408713046987941e+04
1.251391640243371148e+04
8.974609667809609164e+03
1.369932264142014719e+04
1.293818009873265146e+04
2.630436567117929826e+03
1.320072436133598421e+04
1.324920755895644652e+04
1.420839567165594599e+04
1.263857111874251495e+04
1.099526626516612851e+04
1.333754218507253063e+04
1.443393792902383939e+04
1.320348127051111078e+04
1.357263392848891272e+04
1.373608236746129478e+04
1.755880122169942842e+04
1.369171218237389257e+04
1.409087985143168407e+04
1.331033599910204975e+04
1.081960481051607167e+04
1.373792236914094792e+04
1.110770592314038913e+04
1.313211920488553005e+04
1.084153684108659581e+04
1.390159367000428574e+04
9.490992561783610654e+03
1.394300213297431947e+04
1.440542858393566712e+04
1.301011733075411212e+04
1.373617433329528285e+04
6.005654773403481158e+03
1.366765810598651478e+04
1.286848955595531152e+04
1.188716252563283888e+04
7.912808701034713522e+03
7.771959082878217487e+03
1.358970896020147120e+04
1.420740782922583821e+04
1.563151382991498940e+04
1.450204507367066981e+04
1.488619054592298016e+04
1.436039418939252937e+04
1.434031012999754421e+04
1.442527700101093978e+04
1.367532267159053663e+04
1.436056244623936072e+04
1.331378055373919779e+04
1.451146769688132190e+04
1.462631989466018058e+04
1.339994070374765397e+04
1.246630217235420241e+04
1.461481924611960312e+04
1.389630475283002124e+04
1.321418650036747749e+04
1.411182901197422143e+04
1.525888441156273802e+04
1.419997999309016268e+04
1.417544176424472062e+04
1.456550188529473780e+04
1.402330342375952750e+04
1.406127620276607740e+04
1.334735523970451140e+04
1.433317442455226956e+04
7.705076911021065825e+03
1.505801826015795450e+04
1.462807863206815455e+04
1.446571898488491752e+04
1.376534309033129648e+04
1.466574038755517904e+04
1.352662959804089405e+04
1.458249726300202383e+04
1.349741883716242592e+04
1.425660661311911099e+04
1.500930511667518840e+04
1.471387521914258468e+04
1.408996656543356767e+04
1.430212515779716523e+04
1.496056260747394663e+04
1.471733682409518769e+04
1.318075680833001024e+04
1.078945719327269762e+04
1.377495976473285009e+04
1.423213092167010291e+04
1.456314207237297705e+04
1.367618248535437669e+04
1.436744969741364730e+04
1.380834218578006403e+04
1.495643598811665652e+04
1.400907055218535061e+04
1.440897236304525541e+04
6.950374954964834615e+03
1.426054386704300487e+04
1.536110502503651878e+04
1.510704156238116957e+04
1.537020743232861787e+04
1.467925447393400646e+04
4.467807075727628217e+03
1.517855603192029412e+04
1.841154128279656288e+04
1.348925492954082256e+04
1.513744270136352679e+04
1.534858524187746480e+04
1.474017996201548158e+04
5.694804337343573025e+03
1.442595269348849251e+04
1.463181351317891495e+04
1.355090096020386045e+04
7.262593136388807579e+03
1.438261511079165757e+04
1.425421927859413881e+04
1.526106365550210649e+04
1.388302233695657560e+04
1.535742581905015686e+04
1.387302714612567070e+04
1.488710973494259997e+04
4.043973483792754996e+04
1.502271045628298634e+04
1.435704250994515132e+04
1.382517082950578697e+04
1.526107289508815302e+04
1.530048175527643798e+04
1.505240048750122514e+04
1.478200924815553299e+04
1.468625646300746484e+04
8.888308016100860186e+03
5.150056654291709492e+03
1.500011451513860084e+04
1.506052733972382339e+04
1.545126695715156893e+04
1.635665049318225829e+04
1.425674609806464287e+04
1.432620342471562071e+04
4.025848367260643863e+04
1.387911823266269312e+04
1.434926395766555652e+04
1.322315605654577121e+04
8.656743448927336431e+03
1.462010275682539941e+04
1.573659373269241223e+04
1.498736812383126926e+04
1.448652477007200287e+04
1.511520265643007224e+04
1.474781955809804094e+04
1.401152180232664068e+04
5.107849280628375709e+04
1.325880955307688782e+04
2.637633101365603943e+04
4.010821015083972452e+04
1.434692881779586060e+04
6.372978993613139755e+04
1.511333932427218133e+04
1.427557485591255318e+04
1.369029808399002468e+04
1.493872857114865292e+04
1.571890799435279041e+04
1.481493675945299947e+04
1.498264520944471406e+04
3.945882060427340912e+04
1.486271263504425406e+04
8.360728683174969774e+03
1.414126886982720680e+04
1.441820315673864025e+04
1.470458850291900308e+04
4.118119157688432460e+04
4.110134356367254804e+04
1.555371951462767174e+04
1.563644774180909917e+04
1.516554873058692647e+04
1.519541792306946445e+04
1.532936593786509002e+04
1.624216901771875200e+04
1.505116858726888677e+04
1.516356336240192104e+04
1.322388797262112712e+04
1.614690010166064167e+04
1.508999178902623862e+04
1.616947092529031033e+04
3.572867462147118204e+04
1.551242548556734073e+04
1.553947004659071899e+04
1.523470354780681737e+04
1.622642456236538965e+04
1.472859356164789460e+04
1.543356430855714643e+04
1.557901073186092799e+04
1.582574768242476239e+04
1.533918568827985109e+04
1.533991303460741801e+04
1.482587057952697796e+04
1.561389088638716021e+04
1.528083472798539697e+04
1.594294691046399385e+04
1.639487020894443049e+04
1.549863200630593929e+04
1.604036176609486756e+04
1.529821349576553439e+04
1.539626516396469560e+04
1.581902553229866498e+04
1.664453000881275875e+04
1.611526413489588413e+04
1.582321071719061911e+04
1.592936566627227330e+04
1.558961595607493473e+04
1.566239934499755873e+04
6.559191348268362162e+03
1.549806347226039543e+04
1.594103836916624641e+04
1.521701527292977516e+04
1.510177093401835373e+04
1.599892033831136177e+04
1.531242385160751110e+04
1.663134973210410317e+04
2.873638324899354484e+04
1.539536901220155960e+04
1.606093084365167670e+04
1.608496622175428274e+04
1.604097890147701037e+04
1.666959986549461973e+04
1.619384752366277280e+04
1.632433568649219160e+04
1.634489750195117449e+04
1.558240694571538734e+04
1.560413010777624368e+04
1.577538616157586875e+04
1.631444477808139345e+04
1.584701249619421469e+04
1.579050121183101146e+04
1.614103725817655504e+04
1.603726937758717213e+04
4.392463597520547773e+04
1.539893712983894693e+04
1.508182748911414637e+04
1.600796844897360643e+04
1.620245986257759978e+04
1.631997706488938275e+04
1.446165832971513009e+04
1.526854415959243670e+04
1.567147914488215065e+04
1.640943209377585663e+04
1.550106004277287684e+04
1.597812809623801695e+04
1.632597287930502171e+04
1.580224278734707696e+04
1.576982814089375643e+04
1.727535905108072984e+04
7.094069779256307811e+04
1.652425763619320423e+04
1.637841890307758331e+04
1.679124590432940749e+04
1.666884730567017323e+04
1.589209834232009962e+04
1.655973595352932898e+04
1.560649043703270581e+04
1.595070025737142714e+04
1.629193804591887056e+04
1.665418590243224025e+04
1.570242646241240436e+04
4.472665192201676837e+04
1.649594979907746892e+04
1.557224660161132306e+04
1.641403550492494833e+04
1.637146634543681466e+04
5.711377801394261769e+04
1.659244561070785858e+04
1.680272767228610974e+04
4.626236981625147746e+04
1.550845251408707190e+04
1.664299564609377194e+04
1.651645536984058708e+04
1.590010680788146055e+04
1.586026085393578614e+04
4.446200267052555864e+04
1.618368988185596390e+04
4.381450372901667288e+04
4.400744395834190072e+04
4.600344043119298294e+04
1.621145923087633673e+04
1.623783068821207235e+04
7.451367460109072272e+04
1.630517025476367962e+04
1.591550395074765765e+04
1.637647920335843992e+04
1.655292789247002293e+04
1.708643065415593446e+04
1.693210346469219439e+04
4.425486068502718263e+04
7.698026953915864578e+04
1.479695318900648854e+05
1.214687250948629080e+05
2.982864176769406549e+04
1.203293188941899425e+05
9.892490325443049369e+04
1.664376521194919042e+04
4.664411202575796779e+04
4.700801551339907019e+04
1.588108584531350061e+04
7.965087499697608291e+04
2.689978271994590759e+05
4.847474916554584343e+04
1.397167644585732778e+05
1.619636576434717063e+04
4.690355654429877177e+04
9.718870778197766413e+03
1.542898267158969065e+04
1.583351885941430010e+04
1.685990661090528738e+04
1.645269992848890615e+04
1.667256625164446814e+04
4.696330491994175827e+04
1.600590155197403328e+04
1.638135912122318041e+04
1.635834131701668775e+04
1.565593788422730722e+04
1.680218271609242220e+04
1.705252095591728721e+04
1.534440508240120107e+04
1.619363807191672822e+04
1.664231249989844582e+04
1.608614512387014838e+04
9.135010600712888845e+03
1.560289659079213743e+04
1.556749483519086061e+04
1.656686631564762865e+04
1.568802471055920068e+04
1.566783111882153389e+04
1.605003253720758767e+04
1.628140279307429046e+04
1.509948106027278118e+04
1.579184308777495971e+04
1.463677351117352009e+04
1.471676440464761254e+04
1.593277005684558208e+04
3.098581445690519558e+03
1.585701162333749744e+04
1.508496275377370330e+04
1.664093884839105885e+04
1.593726727987730555e+04
1.600965693428751547e+04
1.611335732912535241e+04
1.653405183546509215e+04
1.550640612758643874e+04
1.635788917718715129e+04
1.615371888833632511e+04
1.660501792885749819e+04
1.651848842729565877e+04
1.580874668100262716e+04
1.656587947384158178e+04
1.549083095865037831e+04
4.526279479498874935e+03
1.586879067307672813e+04
1.524606683312066161e+04
1.305634804315019392e+04
1.585503129907298899e+03
3.424808096425801978e+03
1.628971687811571610e+04
1.597376412965109193e+04
1.484643388145058998e+04
1.493844242778688385e+04
1.233851246529649507e+04
1.301245284195039130e+04
1.425254574013689125e+04
1.400599278392571250e+04
1.491914081689905834e+04
1.439193206689311774e+04
1.476024124924315583e+04
1.437126355800169222e+04
1.590991550470717993e+04
1.598069220065837726e+04
1.632467204435582971e+04
1.496729711172449606e+04
1.431984227381708297e+04
1.424928742531886928e+04
1.434552976638040673e+04
1.500125580790064487e+04
1.483139644866377421e+04
1.442820259389644889e+04
1.474303058637427603e+04
1.548286983794491607e+04
1.587226353164666034e+04
1.538111083956553011e+04
1.520841990640156837e+04
1.508579949697363736e+04
1.464040422400723401e+04
1.510487935633762936e+04
1.374658626797807301e+04
1.379903303929131289e+04
1.427449983543396775e+04
1.349844127361148821e+04
1.453008331969218489e+04
1.450573861085654426e+04
1.398625130826544228e+04
1.430071932708336863e+04
1.438307842789622555e+04
1.432003131479503827e+04
1.417315854534532082e+04
1.410462274823846565e+04
1.492359132323975973e+04
1.531439157354670169e+04
1.373713265600130944e+04
1.441695955064368536e+04
1.378600985718131597e+04
1.406010859941372473e+04
1.447144715796554374e+04
1.469463227840123545e+04
1.525698794005650416e+04
1.544723720631679680e+04
1.449883218866712559e+04
1.420864960819969565e+04
1.414234239194852307e+04
1.499219261803432164e+04
1.475556347985791763e+04
1.449821200670046528e+04
1.411413869248435367e+04
1.518587396648357571e+04
1.471104020208340262e+04
1.468020337616750840e+04
1.433525056719413442e+04
1.570144162446248083e+04
1.599202001747584472e+04
1.560092532996522277e+04
1.533012222509147796e+04
1.544379283817233772e+04
1.552984564253587814e+04
1.445140062361568380e+04
1.385170993663329500e+04
1.501340796523120480e+04
1.595190438897253989e+04
1.541245908578256240e+04
1.623985962192470106e+04
1.512442692611687016e+04
1.610811196038577691e+04
1.531574412285476501e+04
1.576075716347829439e+04
1.564805828928731898e+04
1.564446536385661057e+04
1.608306687390272418e+04
1.579826247115047772e+04
1.617196285854258349e+04
1.601369979164939468e+04
1.602176193312806572e+04
1.539642181900284413e+04
1.403006641478892561e+04
1.494898329081302836e+04
1.542702021388098183e+04
1.530719282440764255e+04
1.587785822839172579e+04
1.642457624688529904e+04
1.642129056849244807e+04
1.601454030618380966e+04
1.642171430307236005e+04
1.655876803801100323e+04
1.637513431156370643e+04
1.584522653251977863e+04
1.500828774420582886e+04
1.540683049155649132e+04
1.624909216258218657e+04
1.500007519080502789e+04
1.684845449258314693e+04
1.583450548764357882e+04
1.584999731859026724e+04
1.479637971858320270e+04
1.681526561639962893e+04
1.587002059340903907e+04
1.629697313641834990e+04
1.671036684170560329e+04
1.647934687586424116e+04
1.632148329703254785e+04
1.570997149255030308e+04
1.615738626043256409e+04
1.552708128901060445e+04
1.597344775092556665e+04
1.581732620449907699e+04
1.460069100652424640e+04
1.517424506024414586e+04
1.646247216598815066e+04
1.645406525368394796e+04
1.623367275135098316e+04
1.605749442614951113e+04
1.642898957400974905e+04
1.499002668510283729e+04
1.533689895842185069e+04
1.509822448935105058e+04
1.488989636302609506e+04
1.506062817893861757e+04
1.504696123833749880e+04
1.597209528293753101e+04
1.571106154606342170e+04
1.586052518326586505e+04
1.611191141991699624e+04
1.620180930400818397e+04
1.635605490755707797e+04
1.490466405752117680e+04
1.622127563180766265e+04
1.648130593947786110e+04
1.673365622513951894e+04
1.638191253202781081e+04
1.558301963839426753e+04
1.505592362787583443e+04
1.603278104262338275e+04
1.570111768331793974e+04
1.523702226299229915e+04
1.563394257428063611e+04
1.516644351806753730e+04
1.636820297252364799e+04
1.572211782803836832e+04
1.596430584587981684e+04
1.588827812260110295e+04
1.557816950842391270e+04
1.599257558613346373e+04
1.658638802895447952e+04
1.687064757257819656e+04
1.521755164209597206e+04
1.564572606366252330e+04
1.571772578449882894e+04
1.610994068463991061e+04
1.630679615493888559e+04
1.676060027019604240e+04
1.615767753341194839e+04
1.593467609220608938e+04
1.682769886128035068e+04
1.648346228050484569e+04
1.582599178309583658e+04
1.666039705510325803e+04
1.597068538252446706e+04
1.682049089580646614e+04
1.680351481573725323e+04
1.684549291688361700e+04
1.591464433027967607e+04
1.672747919724479652e+04
1.615113525276645851e+04
1.559661448214623124e+04
1.653767658204912732e+04
1.589600047987519065e+04
1.539994950075126144e+04
1.598461946500626982e+04
1.507981503354875531e+04
1.614726627563136572e+04
1.567357179666788761e+04
1.538259934474717011e+04
1.570714783720832020e+04
1.537653601183800856e+04
1.693880642319962863e+04
1.548901658925143238e+04
1.527625051212086873e+04
1.549708295817630824e+04
1.611543928778095687e+04
1.630618082692759708e+04
1.592170955844532546e+04
1.547996627864746733e+04
1.566154800264751429e+04
1.609163372474442622e+04
1.664561865835977733e+04
1.614589918242431486e+04
1.700103908621929077e+04
1.572030640186110941e+04
1.717122910603477430e+04
1.576345736077768743e+04
1.651373080601941183e+04
1.673766811191075249e+04
1.598794228754515825e+04
1.625813865071260625e+04
1.668594999079842091e+04
1.675542932882850437e+04
1.615243277158836463e+04
1.502451912544191691e+04
1.522006655124498684e+04
1.612656335510629833e+04
1.531170698978722794e+04
1.489515240985800301e+04
1.635227226008816069e+04
1.654195429090730613e+04
1.598411911107925516e+04
1.675043693063378305e+04
1.636372635295478358e+04
1.582956230235567273e+04
1.612109128511884774e+04
1.572878314342075828e+04
1.575522113619995616e+04
1.647801291576472067e+04
1.579317182325539397e+04
1.718787366574547559e+04
1.661463912905672623e+04
1.581881137715043042e+04
1.595368071393427454e+04
1.629176798298687754e+04
1.615360798348345634e+04
1.616822231439104507e+04
1.577047834105646689e+04
1.563640807664419481e+04
1.581327214873160665e+04
1.640489117533959143e+04
1.549009470120033075e+04
1.665163027701984174e+04
3.087077274026816667e+03
1.516000892709837899e+04
3.353504478854956233e+03
1.574608193866934380e+04
1.681357893786595378e+04
1.664025434195985872e+04
1.590688550069624944e+04
1.604161487401035811e+04
1.525809519660702972e+04
1.534930926810730307e+04
1.612985067781721591e+04
1.544650231063295723e+04
1.385294315051754711e+04
1.452321135504142330e+04
1.526844471070767213e+04
1.620602662157284794e+04
1.655520657764029602e+04
1.699841548936353138e+04
1.544513499157153092e+04
1.569075819086510455e+04
1.602806018304575264e+04
1.707483847646421418e+04
1.626409977602618892e+04
1.613975828859051217e+04
1.654299847839733047e+04
1.493426686367312323e+04
1.519375589232649509e+04
1.482948894235124499e+04
1.660343795504725131e+04
1.608589932432180103e+04
1.557234816024287466e+04
1.602370165769887535e+04
1.655188701872820457e+04
1.650897917610393051e+04
1.658973013194127998e+04
1.655854195243243157e+04
1.624897150423465064e+04
1.611405348046032850e+04
1.629560840538446428e+04
1.608133382394796354e+04
1.614678637361943765e+04
1.640485474211009205e+04
1.646329208222133821e+04
1.673069885284360862e+04
1.760420280845438901e+04
1.715251052105768758e+04
1.733504264457596946e+04
4.878440294554570573e+04
4.662021027980132203e+04
1.624710173566701451e+04
1.636122086780896279e+04
1.704945020795711025e+04
1.690525459418887840e+04
2.434184538252927305e+05
1.247087635518807656e+05
2.549906057327548115e+04
3.394814266985152790e+04
2.419426962116967479e+04
3.302089100596611388e+04
2.167058848655108595e+05
7.784009666626353282e+04
1.382022106566288567e+05
4.675814128071385494e+04
2.847046986348169157e+05
1.634154981453933578e+04
2.528612241855277389e+05
7.480260900658788159e+04
1.696826022055751309e+04
1.711895600019068661e+04
4.673196621370071080e+04
1.669070288031820382e+04
7.668093385560605384e+04
4.806842345398989710e+04
1.568709170145629105e+04
1.619528626027670725e+04
1.548236805688093045e+04
2.053204225154585220e+04
1.487842223674887464e+04
1.535388100218656655e+04
1.611816043853455812e+04
9.344671149055524438e+03
1.402779524716304513e+04
1.673532585657845266e+04
1.024158502145763487e+04
1.027636102037663841e+04
1.446021034572131975e+04
1.525307158495827389e+04
1.223009584617660039e+04
1.264979883684003107e+04
1.914052458052539077e+04
4.419696408443437394e+04
1.387693504013934762e+04
1.522210173311504150e+04
1.504004543923823439e+04
1.461544253501434468e+04
1.484594861286038758e+04
1.646078611468621966e+04
1.614238047588281188e+04
1.618085522532485811e+04
1.619188022117201763e+04
1.590798656370352546e+04
2.967846132652145388e+04
1.587927427246939806e+04
1.575177902435287615e+04
1.600667975061166908e+04
1.638824443893798889e+04
1.476839340252138390e+04
1.612935332756671596e+04
1.616658114341508008e+04
1.522605804969075689e+04
1.587216157045076216e+04
1.482002065417286576e+04
1.406187568525975439e+04
3.509158111838407422e+03
1.363508313640108645e+04
1.450211163685152133e+04
1.589517778041479687e+04
1.554444185371923413e+04
1.497461050618735862e+04
1.516844905412081062e+04
1.635823199267889140e+04
1.588029034063185827e+04
1.541213981683755446e+04
1.597272294603139562e+04
1.583768040883673893e+04
1.578631840717932209e+04
1.546944760285659140e+04
1.614560608368731846e+04
6.531170283104784176e+03
1.644176768601049116e+04
1.388352742147160461e+04
1.471672363881257115e+04
1.143841801589056740e+04
1.478199696324786964e+04
1.321665837524872950e+04
1.390519136994919427e+04
8.492004447545852599e+03
1.555850770432391437e+04
6.671393584790112982e+03
1.584800015021852232e+03
1.439658103400908840e+04
1.515207652353094636e+04
3.134780077292794158e+04
1.448069433550203030e+03
3.834481954359597694e+03
5.214641681981725924e+03
2.637409300632464692e+03
1.786002832799230418e+03
1.315834764351582407e+03
1.505883870291880885e+04
1.529157832453842821e+04
3.361094613364754423e+03
1.476292591575520782e+04
4.504176569381040281e+03
1.098901224669819840e+03
4.861598299387210318e+03
5.247402320015222358e+03
1.533261810025538398e+04
1.457923782453338936e+04
3.115037558803393949e+03
1.469485251622575197e+04
8.128441379188692736e+03
1.329921523300692752e+04
1.529682552051755374e+04
1.538527305667733708e+04
1.581382120757978555e+04
1.602042547686789476e+04
1.501514940187549655e+04
1.494117490243435168e+04
1.386759804373952284e+04
1.843494204174119295e+04
1.553166451165293984e+04
1.566954752877695319e+04
1.511933964894647761e+04
1.584544333890502821e+04
7.298851989744891762e+04
1.553814119462592316e+04
4.595364677713004494e+04
4.388040350933508307e+04
1.589030299054907846e+04
1.537208879610925578e+04
4.489934487677028665e+04
1.602843192829020518e+04
1.647720617502264940e+04
1.360183307797025773e+05
4.665780721336491843e+04
1.421652059877271677e+04
1.654239704751437239e+04
1.591856496144674747e+04
1.557991196220212805e+04
4.653322542866229924e+04
1.624402468898119878e+04
1.673236240493942751e+04
7.716097452402052295e+04
4.581923961479136779e+04
1.685195154448558969e+04
1.673378279024150834e+04
1.722123806393386258e+04
1.761429367393768916e+04
2.635973510590296355e+05
1.682374488808371098e+04
1.705776863396570479e+04
1.692209019488834019e+04
4.708318524847244407e+04
1.715887436617483399e+04
1.667624139280723466e+04
1.448341135925492199e+04
1.605910943719015813e+04
1.662308013309051967e+04
4.745585530584037042e+04
7.788819650198706950e+04
4.807966200825426495e+04
1.680002663230277903e+04
1.661193640392815360e+04
5.345134373661475256e+05
9.289341180257446831e+04
6.348118278462495073e+04
6.357894182219856884e+04
1.484132998384315670e+03
4.697409766077293170e+04
4.769758740719177149e+04
1.715494966375868535e+04
2.005037100220795255e+05
2.014892022584779770e+05
1.720895697884224137e+04
1.636532975416890440e+04
7.597729759909468703e+04
4.679907082432319294e+04
1.745293366049790347e+04
1.629197417080392188e+04
4.724081277567545476e+04
3.193176745279196184e+05
5.030352170149280573e+05
6.983258294770810608e+03
1.211873848555466066e+04
1.349506466717224430e+04
1.179447139666136536e+04
1.304411525834848180e+04
8.025911138968559499e+03
1.372041367299677404e+04
4.858919359209861796e+03
4.295724207323499286e+03
4.824456871079087250e+03
1.234043810114931512e+04
7.816567215317172668e+03
5.271023735950643641e+03
4.826738048171126138e+03
5.830374699960776525e+03
5.379827962796946849e+03
1.258719930630305680e+04
1.363273342735803635e+04
1.145554470503040829e+04
1.334491395604494937e+04
1.480523117941813507e+04
1.197990245040640548e+04
1.319911059244386888e+04
1.435045915242184128e+04
1.425032468924423847e+04
1.437708976883344985e+04
1.439404612813536005e+04
3.587877766584671463e+03
3.125237602608475299e+03
3.277855569684370039e+03
1.506721512225612423e+04
1.532769272258649835e+04
1.526822730591334039e+04
1.017157503585243830e+04
1.536981201805649471e+04
1.365731260245753947e+04
4.467113449805409800e+03
1.480108776657565249e+04
1.486332016715752798e+04
1.531559718080122730e+04
3.025134615167075481e+03
1.748351943995466718e+04
1.747831305267380958e+04
1.512109133974498764e+04
2.877680762593674081e+04
1.551037993708078830e+04
1.723152735499401024e+04
1.539158456543212014e+04
1.531485927481897306e+04
1.563235532139169482e+04
4.243030437404924305e+04
1.624808960366824431e+04
1.890312052907226462e+04
1.597407353980114749e+04
1.500010693241346416e+04
1.565635782850562282e+04
1.741719529159407102e+04
1.563485546008154597e+04
1.330810490943322111e+04
4.429606312750520738e+04
1.593968216922826286e+04
1.687926359048663653e+04
1.777518592269437431e+04
1.600606320935848453e+04
1.589173045414960507e+04
1.678818816048874214e+04
1.673438130280556652e+04
1.621677284336992670e+04
1.729523019216479588e+04
1.617568794408379472e+04
1.591677250261016525e+04
1.628264892610915922e+04
1.590384375529389581e+04
1.608458090432338213e+04
1.869430742007902518e+04
1.658988243525385406e+04
1.612435109852193455e+04
1.527601378877692150e+04
1.560228922099561169e+04
1.582821523454094131e+04
1.607639008821779134e+04
1.531169319698684558e+04
1.519285698110671183e+04
1.588107906048602672e+04
3.355301961035696877e+03
4.717439334544752455e+03
5.047434619197305437e+03
1.231591690285834920e+04
9.155323101990514260e+03
3.602637840235296153e+03
1.285335640669518170e+03
1.335315355224462792e+03
5.663237736992998180e+03
7.352363553370046247e+03
6.336500256587522927e+03
1.636317403315275442e+03
4.734243247370554855e+03
1.147576640516810812e+03
1.102724738283045554e+03
1.899931727565635356e+03
5.997349272487154849e+03
6.554096465310697567e+03
1.321818560157311822e+03
1.411398116779514567e+03
1.816780687021630001e+03
6.403816674348915512e+03
1.421216371947929929e+03
1.832019612796253341e+03
1.730824301475476204e+03
5.448952566697365000e+03
1.518596006753230904e+04
2.315499129470383650e+03
1.769109888347925789e+03
1.769944220515553525e+03
8.654050060717774613e+03
2.570360655691936699e+03
1.374668702131493410e+04
9.758662105382089067e+03
1.469163223886915330e+04
1.407161391788270885e+04
7.326999246766525175e+03
1.539455877795911329e+04
8.851903018845569022e+03
8.970639042516986592e+03
3.188053772768493673e+03
8.914885002582601373e+03
9.703922381228724134e+02
1.521935701854962645e+04
1.486093205644911359e+04
1.440650020419704560e+04
1.448512610403848885e+04
1.454274960216566069e+04
4.992099851603470597e+03
1.345223083044761006e+04
1.516533394402373051e+04
1.518371688415820972e+04
1.510167399905181264e+04
1.552309543955046320e+04
1.598205069160295352e+04
1.579256544709767149e+04
5.068997264543130768e+03
1.654054885452510644e+04
1.588842876900856754e+04
1.547582217049327483e+04
1.547862714509341640e+04
3.611167924299633341e+03
1.640327094887117710e+04
1.405938789358098802e+04
1.442401671552943117e+04
1.446072013941849036e+04
1.568071253451515440e+04
1.605856759654541020e+04
1.546657139498823381e+04
1.569585888296766097e+04
1.324246700732615318e+04
1.429696833697238071e+04
7.758091941575631608e+03
8.717343849065886388e+03
1.499201530195108535e+04
1.384078479591100040e+04
1.502971975848472721e+04
1.554055497032024869e+04
1.568492461271586581e+04
1.623834353894271044e+04
1.579334999837401301e+04
1.510732959160667451e+04
1.422273471289929330e+04
2.435148207108169572e+03
1.463642414960730639e+04
5.377692108764903423e+03
1.403149091658052839e+03
6.078052888560402607e+03
1.419492986195998128e+04
8.769765300174818549e+03
7.923073337020764484e+03
1.371276561172192487e+03
1.349919419056857623e+04
1.490159370419461811e+04
1.340723883211009161e+04
1.495269857873923684e+04
1.538934665254449828e+04
1.418772185052435998e+04
1.426828645167815739e+04
1.592649693089601169e+04
1.505330415339188039e+04
1.504032420841694875e+04
1.534895229627330991e+04
1.535376448982755392e+04
1.498002665151114343e+04
1.468987148646876631e+04
1.577198512912706428e+04
1.538278747441642736e+04
1.544414889639521243e+04
1.601190187327431158e+04
1.446857406085585717e+04
1.577679113512567528e+04
1.517228508506957769e+04
1.505026390251910198e+04
1.556364193679410528e+04
1.542751590388957266e+04
1.491325817520986857e+04
1.542713479745267432e+04
1.427174670227432580e+04
1.500318804520176127e+04
1.494368301748435988e+04
1.512893619523947928e+04
1.496236161805383563e+04
1.466040722887134689e+04
1.550989575146108473e+04
1.527421552443725159e+04
1.504534496210907673e+04
1.579814531481654922e+04
1.557463809290343670e+04
1.502985704785063535e+04
1.648912763916971380e+04
1.646361361198573286e+04
1.559121789647746482e+04
1.604519460608337249e+04
1.444136463614788227e+04
1.642099972787393926e+04
1.619098542930998337e+04
1.630272824492073232e+04
1.574255361511408773e+04
1.487772402039828376e+04
1.521898306050777137e+04
1.633935236866033119e+04
1.563964620040951377e+04
1.628564480647914388e+04
1.631852925381499153e+04
1.619197739743856982e+04
1.657308034160740863e+04
1.525403839226906166e+04
1.620719699032396238e+04
1.637550875710576292e+04
1.636378736344334720e+04
1.633784126397600267e+04
1.655303576113565578e+04
1.714234125990245229e+04
1.672233174864386092e+04
1.668289540521007075e+04
1.614218255764527566e+04
1.629645436362749206e+04
1.519992119182643728e+04
1.562587872139274077e+04
1.707013514953008053e+04
1.667641451455090646e+04
1.648817277258083777e+04
1.652401349273003507e+04
1.638281685771127923e+04
1.515026221042020188e+04
1.577669604527620322e+04
1.831793148580043271e+04
1.613833180331840776e+04
1.622093213145943810e+04
1.554754896562906288e+04
1.411711914982698363e+04
1.566435496146164769e+04
1.464408834741781538e+04
1.678269904572304222e+04
1.610072055700469173e+04
1.656098766885935402e+04
1.642874294080066466e+04
1.615922379369476221e+04
1.557337823347285666e+04
1.569366626225332038e+04
1.522499698934186381e+04
1.587512982170330542e+04
1.554298710627734908e+04
1.558624964936892684e+04
1.517903151452087695e+04
1.665864799741317256e+04
1.593224818248369229e+04
1.625931177243913044e+04
1.630309006961325395e+04
1.656835853796595984e+04
1.560093183620862692e+04
1.569143470294437066e+04
1.524873944647996686e+05
6.209890997217822587e+04
1.413818343052423152e+05
5.702059964155735361e+04
4.816466673665326380e+04
3.919204354028229136e+05
1.692107250372562557e+05
1.715813171962916385e+05
2.305503382991084945e+05
1.391487509474524122e+05
5.129929486479453626e+05
1.717722562059581687e+05
1.078150093629778275e+05
2.959952591108101187e+05
1.607532046184347200e+04
1.675972021243853669e+04
1.406039435280996840e+05
3.304322607870809734e+05
1.726421335891903072e+04
3.555174997835151735e+05
3.576971154920119443e+05
2.327409878588523134e+05
4.151359570842762478e+05
1.531136470791093052e+04
5.564843807079586441e+03
1.395165781590282495e+04
4.654585281133631725e+03
1.516835560800607891e+04
1.516089659856163416e+04
1.489285197585208334e+04
1.492192388401845346e+04
1.493765052330135586e+04
1.499147611245290500e+04
1.457905204310514819e+04
5.510838137378927058e+03
8.788770830767491589e+02
3.982850898048631279e+03
3.775947519504932643e+03
7.193258174656278925e+02
1.370131892202161544e+04
1.585795661933273550e+04
1.381303750212915293e+04
1.356851910539316486e+04
1.537076797225537121e+04
1.611232801675533301e+04
9.879034849300880524e+03
3.728764189576862918e+03
1.480253411356776633e+04
4.710837057724869737e+03
1.223015668050544627e+04
1.572177668735324551e+04
5.100983004379801059e+03
1.488036523601916269e+04
1.523016452128759374e+04
1.472127152750808636e+04
1.336477902447235465e+04
1.377847966002754401e+04
1.582273779974192985e+04
4.252762553519960420e+03
4.696274390359850258e+03
3.528268276158990375e+03
1.440194874429471565e+04
3.320064830821380838e+03
1.648442974525006503e+04
1.598098556342989468e+04
1.444607764248427702e+04
1.564905303734071458e+04
1.764613708135356774e+03
1.645261446663966854e+04
1.694816275556738401e+04
5.304598160451246258e+03
1.512058386385408085e+04
1.675260594371574552e+04
1.410209722564592812e+04
1.529703674614109877e+04
1.552697565723852858e+04
1.490157281299923125e+04
1.612691099728815789e+04
1.467479329933598092e+04
1.543463372876582434e+04
1.560870726760265643e+04
1.450970772018007301e+04
1.578802811264975389e+04
1.335025791171250603e+04
1.425458166294305556e+04
1.457917102228906151e+04
1.622551452535407952e+04
1.485039484867944884e+04
1.572723162434122241e+04
1.460840943131575477e+04
1.443332258210092368e+04
1.164683134393789442e+04
4.649048963076277687e+03
1.571683536651365466e+04
1.493415509493582613e+04
1.413571984635149238e+04
1.454210893864116042e+04
1.534224414974646425e+04
1.496896407601186911e+04
1.533201345512832995e+04
1.451354014105438728e+04
1.643593744778505061e+04
1.760908315457961726e+04
1.618964117303632338e+04
1.506984803318516424e+04
1.790817204641565695e+04
1.619989129471596243e+04
1.848743408935512343e+04
1.623181130331276108e+04
2.595984406448521986e+04
2.170002454191272773e+04
2.192777774196103201e+04
7.795764440249600739e+04
2.049232231397286887e+04
1.209048902724536310e+05
1.570731056444526257e+04
1.582475416283623963e+04
1.681137973974163833e+04
1.125686361445305229e+05
2.192850265520776156e+04
1.478927055060374914e+04
2.347542604227659831e+04
2.276646264015388442e+04
1.690735449498711969e+05
3.187844014986993352e+04
8.745336196999355161e+04
1.235549316833396588e+05
1.665312302541842655e+04
3.253679568362973077e+04
3.158326438347943622e+04
1.666717177546356106e+04
5.239212724571118451e+04
2.316045586520449433e+04
7.670725348039640812e+04
2.999136860589934804e+04
3.182253217943807613e+04
1.233265156853806402e+05
1.224528543393124419e+05
6.083100482267399639e+04
3.009737557663041662e+04
3.027141603339400535e+04
2.102324549819816457e+04
2.932462225354397378e+04
4.430104818782470102e+04
8.098715663683092862e+04
5.910859816384043370e+04
2.435455508727864799e+04
4.477048835787787539e+04
6.162741093814727355e+04
3.134331325354139699e+04
1.467109052782912913e+05
1.633540279647953503e+04
2.984054946254122842e+04
1.663745230247506697e+04
1.609128500080461890e+04
1.712924635497884810e+04
6.211791555885066191e+04
4.775120870305215067e+04
1.756003292381519714e+04
1.719839390966694555e+04
4.800713951920146064e+04
3.292009520727641939e+04
1.724189941454574000e+04
4.862035495196655393e+04
1.759159242277606245e+04
1.744962232874495749e+04
2.248648844730329802e+04
1.650858641879546849e+04
1.241828474164598156e+05
1.392886824188526662e+05
6.199063283535808296e+04
2.459893054150831085e+04
2.310722558636397298e+05
1.270130148797053844e+05
4.571027181059385766e+05
3.269139441656126655e+04
1.721058102956798393e+04
1.690957610118464072e+04
1.683095096348818697e+04
1.713234770403557923e+04
4.309002291072657681e+05
1.760087621807987671e+04
1.591084954774058424e+05
2.731562634139586589e+05
1.564141820064860440e+04
1.572803513736318928e+04
1.583440712732034444e+04
1.571841741698804253e+04
1.453897122610167389e+04
1.598018109071717481e+04
1.500918969160927736e+04
1.494283174309774586e+04
1.446479663796537352e+04
1.132844447836822610e+03
1.413215363628511659e+04
1.330766831778882442e+04
1.090369843695234977e+03
1.144016465454812533e+03
1.398493761511758203e+04
1.412541087002473432e+04
1.349590991342828420e+04
1.426344657894150987e+04
1.532439189453332438e+04
1.583502564734632688e+04
1.526829360842762799e+04
1.543967240273308926e+04
1.512796185775086269e+04
1.570241081253872471e+04
4.582289279825873564e+03
1.577295572794094369e+04
4.783116709757083299e+03
1.600203685137798675e+04
1.614964666701667375e+04
1.625594019107193526e+04
1.433777944449596907e+04
1.343845474684616602e+04
1.415236219392711791e+04
1.551632830929728880e+04
1.260658484823645995e+04
3.969905082408862654e+03
1.295407169273812360e+04
3.359262974780765489e+03
1.126860809901248467e+04
1.437649609998457345e+04
1.238544788755761874e+04
6.933499830558460417e+03
4.437627019221613409e+03
1.374489477997828180e+04
1.337459771127946442e+04
1.465081935937987146e+04
1.268201012776466814e+04
1.284729216955159973e+04
1.534014058797198777e+04
1.503769089369011090e+04
1.413198391737379825e+04
1.429581628366200312e+04
1.538704872094609163e+04
1.386678778205225717e+04
1.322875291673926768e+04
3.665786140840432836e+03
1.442425773584040326e+04
1.415115371958219112e+04
1.551568551737678354e+04
1.489573350891877271e+04
1.268412505526965651e+04
1.355050789215489385e+04
3.740215339573875553e+03
1.499361851685642614e+04
1.398312165718982033e+04
1.492233521013821519e+04
1.599002292066475275e+04
1.618733024085100078e+04
4.430916173478241399e+04
3.528217769255817984e+04
6.107770632731165824e+04
2.483534380368450365e+04
1.104546399659221061e+05
1.640503941621042395e+04
1.665092687252331962e+04
1.650848012448172085e+04
1.630811495818478397e+04
1.687159432962540450e+04
1.652034762314761610e+04
1.627288559534945671e+04
1.605408853251847904e+04
1.639760445771327795e+04
1.722320308612701774e+04
1.702666160006595237e+04
2.586589670430485057e+04
4.060656746207837386e+03
4.302624947983979837e+03
7.926481268853884831e+04
1.518464131407935565e+04
1.721372898447538682e+04
1.638623295231165539e+05
6.278142399791711068e+04
2.475651259651346845e+04
1.198161720992752089e+05
5.086928080661340209e+04
6.443601020764620625e+04
1.019746522334689944e+05
1.968147901404191362e+04
2.041163363105829558e+04
1.635336844066247068e+04
1.747261824253849045e+04
7.719752442683507979e+04
7.586113841087304172e+04
7.416416184790481930e+04
1.565282694170415925e+04
1.647936342274178605e+04
4.925201171562323580e+05
1.401339312606564490e+05
4.740112808364004741e+04
1.645510406200741636e+04
2.864182100549062598e+05
7.571102754664223175e+04
1.716319711527032268e+04
1.375753288478545146e+05
1.701584495030196267e+05
1.724430234380689581e+04
1.676279487660361046e+05
2.634066821278486168e+05
2.927916119287976762e+05
1.741028103293741879e+04
1.729731135426317996e+04
7.908681711915397318e+04
2.747847615353534638e+04
4.248093286689826637e+05
1.095690681751603406e+05
1.828283107100354682e+05
3.552188855408426607e+05
4.853487295807382907e+04
2.104973301647707121e+05
2.580091676102874771e+04
2.044865195915349759e+05
1.758719318755525455e+04
2.039837580413346586e+05
1.692434004759906020e+04
1.771657687015114061e+04
1.713605125638401296e+04
1.089244350703822856e+05
4.203033546387095703e+04
1.043201318455729779e+04
1.695310140375215997e+04
1.737079651577585537e+04
4.819880693775376858e+04
1.701338256069109775e+04
1.673041498352594863e+04
1.739672759174438033e+04
1.650251269873411366e+04
1.730200810509000075e+04
1.711545835672453904e+04
3.230932182709234621e+04
1.698608275731277172e+04
1.672582962637372475e+04
2.029089501691246551e+04
1.485471495921999849e+04
1.057226564785352275e+04
1.459846652126102890e+04
8.882194079531906755e+04
6.046563308569413493e+04
1.604989956875298594e+04
1.687695308509720780e+04
4.839212850555073965e+04
2.963520783351126738e+04
1.645519454188905365e+04
8.324998324434338429e+04
2.332460468072218355e+05
-1.570175318454712965e+01
-5.934009788203303515e+01
-1.032331235128827984e+01
2.942128533350227735e+04
1.607223996743656971e+04
1.674671015686741521e+04
2.936048851462844759e+05
7.452395871090867149e+04
4.129210771098436089e+04
1.578664710850006304e+04
6.077163217206530680e+04
2.031669231272201578e+05
1.637567557385617147e+04
1.567963442557862800e+04
1.616327845138680823e+04
1.738705616101585838e+04
1.569459015364968218e+04
1.549650702976777029e+04
1.615185180078509984e+04
1.574763340332417283e+04
2.181967506138010776e+03
1.372231171214797178e+04
1.399645552716608472e+04
1.403466184082649306e+04
1.642062566249159863e+04
1.603220805667013519e+04
1.584578881761236880e+04
1.629296475944620215e+04
1.623745117077742907e+04
1.726201440270014064e+04
1.497422781260635384e+04
1.681784932584242051e+04
1.634679510215021037e+04
1.463103941975541784e+04
1.520319337044930035e+04
1.495985943532953752e+04
6.296793747421558692e+03
1.567430102049504785e+04
1.433556147839893674e+04
1.671272789517102501e+04
1.605604045964556644e+04
1.599369401127773199e+04
1.545686443883142420e+04
1.594604456216942708e+04
1.593092576992633258e+04
1.596881260788421969e+04
1.620317301253784171e+04
1.590247497755172299e+04
1.562422055575797094e+04
1.368545913863622627e+04
1.612858869828057868e+04
1.550880771477456983e+04
1.317906055633469441e+04
1.610406762366169278e+04
1.573865600482108493e+04
1.286575287541531361e+04
1.581558020520509126e+04
1.323981528324211286e+04
1.224584646130401961e+04
3.569043052010515567e+03
1.477199473325794315e+04
1.383016728150293056e+04
1.273964554413918631e+04
3.376341414828721554e+03
1.179524018978023378e+04
1.170397588034307591e+04
1.210331690449770940e+04
1.528639259067053899e+04
6.653379942851208398e+03
4.294888441870906718e+03
4.050375257804954344e+03
1.455622180979442055e+04
3.115314982322152446e+03
1.498013299881764760e+04
1.577267757371486005e+04
1.567684371520533932e+04
5.293543836722839842e+03
1.384651290134530973e+04
1.471585226459394107e+04
3.420403250487152036e+03
4.296572136025550208e+03
1.337432519280038468e+04
1.379069119606218555e+04
1.431311936123372288e+04
1.307816943606540553e+04
6.592921141963155605e+03
1.525004051849887765e+04
3.218602359612269083e+03
2.676793856988435437e+03
3.669453056879545329e+03
1.611675361076743502e+04
1.504689880837440433e+04
1.429632426826666597e+04
1.468810682421938691e+04
1.428385800192139504e+04
1.600748252575983679e+04
1.584186923233771449e+04
5.220667367679867311e+03
1.516976366260368013e+04
1.508431273240523478e+04
1.586283645308799896e+04
1.562413852949598913e+04
1.542040514818052543e+04
1.553871741299454879e+04
1.633004659010606701e+04
1.669655982381889407e+04
1.479120110216693865e+04
1.553066138330580543e+04
1.476025442901186943e+04
1.537921088607009006e+04
1.561971949507005047e+04
1.607062455429168403e+04
3.787272997035929620e+03
4.025548406187003820e+03
1.635388094647765320e+04
1.700620768072531791e+04
5.790408301232822123e+04
8.782078302007699676e+04
2.520076934859885296e+04
6.005384043389697035e+04
5.220841102831619355e+04
4.028161704699837628e+03
2.576482630839128251e+04
3.379642558946073405e+04
1.368044872238390599e+04
1.846893617321028141e+05
9.229031329601119796e+04
1.573989712661849044e+05
2.796265735287808639e+04
3.294514084761364757e+03
9.528132192470115842e+04
8.836773206145368749e+04
3.591847792475207825e+05
4.427392638248229050e+05
1.203360617367763771e+05
6.749611128161955276e+04
3.395324769491983898e+04
3.293055058208291302e+05
1.600564274560212652e+04
5.190880055442944467e+03
1.606464601198065975e+04
1.596941397973210587e+04
1.421398631593507162e+04
1.585101338978965396e+04
1.539985657089155575e+04
1.612469319258726500e+04
1.682235101572314306e+04
1.643764435495985526e+04
1.690779519727758816e+04
1.637036859549260589e+04
1.606715116479217431e+04
1.620925502952710303e+04
1.607913321864841055e+04
1.612187368014023195e+04
1.572188398382684682e+04
1.623247730105687515e+04
1.589706622836431598e+04
1.676707199744415266e+04
1.662505984580262520e+04
1.608492254635997779e+04
1.629991874165535773e+04
1.570040956023042054e+04
1.524034242138930495e+04
1.664133825462383902e+04
1.559739012971422017e+04
1.528584774888474385e+04
1.570721882478729640e+04
1.632909101570501116e+04
1.486592370185589607e+04
1.518932096025579631e+04
1.585597419850001097e+04
1.593788384192697231e+04
1.689856900124282765e+04
1.536993777424181280e+04
1.610585853434808087e+04
1.664452063950376760e+04
1.605305123429856758e+04
1.623728689211395431e+04
1.617805230571387256e+04
1.565792327479945379e+04
1.608066858533344748e+04
1.595627082088887801e+04
1.606438032175512308e+04
1.570496098182980677e+04
1.544015030513770762e+04
1.644558304806196975e+04
1.576889832082245630e+04
1.630768213497745819e+04
1.614997577212347824e+04
1.499214451444685983e+04
1.564977439311380476e+04
1.569874691818249266e+04
1.493343205341864632e+04
1.698043452962564334e+04
1.665242462890928073e+04
1.655838640619536818e+04
1.649698734049005361e+04
1.665587778949263520e+04
1.650117909917559518e+04
1.665204172689262487e+04
1.673220617183648937e+04
1.690705077636145870e+04
1.664292699952352996e+04
1.637524977798912914e+04
1.679452755766070550e+04
1.646400962633422387e+04
1.624941704688989921e+04
1.723894589703496604e+04
1.722662904315951891e+04
4.701058362048170966e+04
1.630786983525256801e+04
2.359463648590179801e+05
2.385661544246514968e+05
2.048958633280193608e+05
2.962928851486509084e+05
8.474507422870311711e+04
1.792819357153500023e+05
3.597291118204606755e+04
2.656844831534611876e+05
1.571855305387331755e+05
2.404542856397634605e+05
3.353396669562732568e+05
3.427413267752727843e+05
4.748288491339833708e+05
4.326237095101402374e+05
8.116619125868369883e+04
4.802274009359676711e+04
4.708668546336322470e+04
1.712275133687377456e+04
2.081579284882877837e+05
1.844691874470291368e+05
1.699362208695950176e+04
1.463839204582132334e+04
1.711939424117188901e+04
1.569660834362213427e+04
1.524057627848807169e+04
1.647552292197080533e+04
1.699542477256541315e+04
1.611773708495413666e+04
1.570553793711582512e+04
1.685078129104016261e+04
1.640125551276004262e+04
1.007224089743622790e+04
1.594242144205996010e+04
1.589574330961083251e+04
1.669900776700718052e+04
1.584118991319713859e+04
1.681277205275998131e+04
1.671636558370307102e+04
1.660187257707557001e+04
1.672748576345799665e+04
1.655575939589133486e+04
1.686680726382594003e+04
1.665413763422577540e+04
1.601509829389228798e+04
