-1.068569880324725091e+03
-1.165467780194833949e+03
-1.212710421269780454e+03
-9.655950564944936332e+02
-8.769692885235986068e+02
-9.554118490495421838e+02
-1.766221613194395331e+03
-1.073406038882753819e+03
-1.464534493341075404e+03
-1.525990075477030359e+03
-1.041625863311413468e+03
-1.170904743894691819e+03
-1.740761126724885116e+03
-1.169640230358053032e+03
-9.011697873203328299e+02
-1.171165771223133333e+03
-8.616997879067262147e+02
-1.104249254779155535e+03
-1.543318058169130836e+03
-9.809567053233378147e+02
-8.130898860889633397e+02
-8.532299510072144813e+02
-1.176212153861364413e+03
-1.275743502348425864e+03
-1.338775608155805230e+03
-1.689478927411712220e+03
-9.084756201870854966e+02
-1.535523836237829983e+03
-8.651745384976916284e+02
-1.438767352964766587e+03
-8.772148724203392476e+02
-1.455662026011904118e+03
-1.469994617565790122e+03
-9.346367752226830135e+02
-1.154277657797404800e+03
-9.461074138064951740e+02
-1.318227682488091659e+03
-9.417679220772886310e+02
-1.260476799080687897e+03
-9.852477859782641190e+02
-1.381005437371323524e+03
-1.484336089806513201e+03
-1.463953327809584152e+03
-1.789905361042085588e+03
-1.297031840791953755e+03
-1.184484655926361938e+03
-1.532695146111428130e+03
-1.293384329941234910e+03
-9.676247689062456629e+02
-8.543555085556621407e+02
-1.056680492958371133e+03
-1.558155048943239990e+03
-1.608082816061027415e+03
-7.472893218123392671e+02
-7.561096585088746451e+02
-1.425736699650496575e+03
-1.174222176646072057e+03
-1.473887997087065060e+03
-1.438289596726483524e+03
-9.040591773980199832e+02
-9.716603985150723020e+02
-1.621676400485714794e+03
-1.614910218240917175e+03
-8.687280691470517695e+02
-1.077693226269538627e+03
-1.069552338853202173e+03
-9.000051585432988759e+02
-1.016598553040047136e+03
-7.702851006521261752e+02
-1.439540172437290494e+03
-1.165329548577232345e+03
-8.735752004182356814e+02
-1.126467575929385021e+03
-9.716074643729839408e+02
-1.326980902752278553e+03
-1.420039047877968414e+03
-9.808014022824829681e+02
-9.738670139945678557e+02
-9.662218076418046167e+02
-1.440178851990271141e+03
-1.564195114931886792e+03
-8.851288100397573544e+02
-1.686300736180076228e+03
-1.289346435219188379e+03
-1.588749673273878443e+03
-8.951399173152843787e+02
-1.179609913610214562e+03
-1.792941173860431945e+03
-1.119788807768333299e+03
-1.722810781843028053e+03
-1.071369494874586735e+03
-1.474279178310696807e+03
-7.739716552561627623e+02
-1.053638553396825728e+03
-9.725706898068813189e+02
-1.852264044178914219e+03
-1.856033466049617118e+03
-1.073934542279546804e+03
-8.669772923459806862e+02
-1.066926990366957398e+03
-7.899690524081412377e+02
-1.625920269552386799e+03
-1.516384972615242077e+03
-1.520485343937401012e+03
-1.250269275036021327e+03
-1.141828943018231712e+03
-1.187015849028366574e+03
-8.856239728083819500e+02
-1.505756176537594456e+03
-1.195561032956579993e+03
-7.692555582482458476e+02
-1.348879994097345843e+03
-1.073382976114477742e+03
-7.469545290853027382e+02
-1.205365699988059760e+03
-8.876313862325040418e+02
-1.283862303562785200e+03
-1.237090047550133704e+03
-1.152148766875543970e+03
-9.648152177276075463e+02
-8.682374880480014099e+02
-7.590757104456489515e+02
-1.418794296615098801e+03
-8.700773524804275212e+02
-1.176041477787047370e+03
-1.348572871689994372e+03
-1.518818598822181229e+03
-1.517795487735658526e+03
-9.817173295122538548e+02
-7.417326717102969269e+02
-1.289935354878599355e+03
-8.876299069089724298e+02
-1.010975828035351356e+03
-1.182231933405392965e+03
-9.418267844325320084e+02
-1.388229830615397759e+03
-1.256977717891848215e+03
-1.685396264116134262e+03
-9.898462180191327207e+02
-1.431948209963469026e+03
-1.233777283474560136e+03
-9.051202490190333947e+02
-1.167609230630076809e+03
-9.022790167058235511e+02
-7.538097247148633642e+02
-1.170819748536526049e+03
-1.721330917159952833e+03
-1.751290841483837994e+03
-1.295142961512247666e+03
-1.331122583952234436e+03
-1.457936559344902435e+03
-7.841632796104676117e+02
-1.455423292301057472e+03
-8.671943480067731116e+02
-1.695985097088416751e+03
-1.644126317861143207e+03
-1.294878523276330952e+03
-9.706836782143326445e+02
-8.826295112874298638e+02
-8.368423239101103945e+02
-1.621365651007143924e+03
-1.107230493194970222e+03
-1.219617988069871217e+03
-7.985493799205900132e+02
-1.355388249936275542e+03
-1.021994466714687064e+03
-1.071006373161956390e+03
-1.339063571323142014e+03
-7.456580769121537742e+02
-1.163059599407041333e+03
-1.357130478434549786e+03
-8.624797713753083599e+02
-1.673214010732962606e+03
-7.716325749355735297e+02
-1.516510794684018265e+03
-1.686379095472552990e+03
-8.744640323261563708e+02
-1.318584021959857864e+03
-1.592606785982698966e+03
-1.755059140022135807e+03
-1.285309965650491222e+03
-8.765243176010567367e+02
-1.084065028550126726e+03
-1.520058758421375387e+03
-1.649260772190193165e+03
-1.260896732928151778e+03
-7.618349992586548751e+02
-1.070928051453170838e+03
-1.073046982093973611e+03
-8.613305541571326103e+02
-9.700049849776349902e+02
-1.715694671025449225e+03
-1.168313127289895192e+03
-1.257817095464338990e+03
-1.427450425145747886e+03
-1.349460164215853865e+03
-1.168312091687417251e+03
-8.906977558316170871e+02
-1.410547046883202029e+03
-1.600901235847067937e+03
-1.348632980415146903e+03
-1.676153137189605786e+03
-1.514405456066533588e+03
-1.071765965493267231e+03
-1.137130741198225678e+03
-1.070061597291208500e+03
-1.521331414820622740e+03
-1.486284922661345263e+03
-1.179846708155562055e+03
-9.325261655377709076e+02
-1.758539826057558230e+03
-8.838117146051324653e+02
-1.589232388727682746e+03
-1.069621670663890654e+03
-1.264737313112366337e+03
-1.265034183027608606e+03
-1.394588891962856451e+03
-8.926163122935960246e+02
-1.490433894903115288e+03
-1.785763219307155623e+03
-8.192831248752388547e+02
-1.275015336651506459e+03
-9.479629657995984644e+02
-9.720378007763771393e+02
-1.388180547708102040e+03
-1.562879035803479837e+03
-1.171438594137667678e+03
-1.507183797034170993e+03
-1.565400438757265647e+03
-9.586912339503259091e+02
-1.787565026975403498e+03
-1.032159222881797177e+03
-1.319831700580506322e+03
-8.774486427853792065e+02
-1.196827077072697648e+03
-1.230909547985387917e+03
-1.506964792240207998e+03
-8.915055628750408232e+02
-1.436984925736124296e+03
-1.576771189899222236e+03
-1.224271528947427669e+03
-1.783560119753191429e+03
-1.526081614292664653e+03
-1.085047517559361268e+03
-1.270516231156147342e+03
-1.339019085311600293e+03
-9.736005464185259370e+02
-1.685981924571966829e+03
-1.416226266836904415e+03
-8.734770876673101156e+02
-1.576995542183233283e+03
-1.803067362378176313e+03
-9.856135546909722507e+02
-9.503706687823844277e+02
-1.185521270791032066e+03
-1.007448735569792802e+03
-8.774183823177867225e+02
-1.696802548453669033e+03
-1.796963769477950336e+03
-1.427123500536899201e+03
-1.688370504562573615e+03
-1.669833592034069170e+03
-1.185930084753174924e+03
-8.861135954119771441e+02
-1.305857399892383000e+03
-1.519804848211576882e+03
-1.641547075908361421e+03
-1.480495644304883626e+03
-1.174610564450061474e+03
-1.632092282597599478e+03
-8.696129405967126331e+02
-1.308983143317889244e+03
-7.546382278041432983e+02
-8.791639790416112419e+02
-1.805257846952706586e+03
-8.969298695883857135e+02
-1.088875037065826973e+03
-1.578635203595906432e+03
-1.214214103899598285e+03
-1.603117122360170015e+03
-1.280833474137584290e+03
-1.250856943871290696e+03
-1.229350348149383308e+03
-9.936391656189293826e+02
-1.584275676581765310e+03
-1.610315046719370230e+03
-1.284497096311533141e+03
-9.538768049761952170e+02
-8.966641350042084468e+02
-1.760444898714969668e+03
-1.471215305627492626e+03
-1.175225220134106166e+03
-9.685566486383628444e+02
-1.613711919521588470e+03
-1.551693872833124487e+03
-9.706709512677136900e+02
-1.525499847036372785e+03
-1.510403132469100001e+03
-1.269584827904657004e+03
-1.164872508619048631e+03
-1.637147754340935762e+03
-1.121386402223593223e+03
-8.464110651630884377e+02
-8.871110008292355360e+02
-1.637593388634654730e+03
-1.467027074277845486e+03
-1.009980444797292307e+03
-8.446245966364458582e+02
-1.414756921326619704e+03
-9.619407421012208488e+02
-1.261982732957818143e+03
-8.638091085746940507e+02
-1.070267596785882688e+03
-8.321473489976223163e+02
-1.587044689913770071e+03
-1.787823162215619504e+03
-1.557783923497506294e+03
-9.457508733490758459e+02
-1.366779887407484466e+03
-9.710947184807058647e+02
-8.361924799624131310e+02
-1.728965513507203696e+03
-1.184406677907557423e+03
-1.503505364419439047e+03
-1.245915106825916610e+03
-1.312131578356229966e+03
-1.407924732454662717e+03
-1.439270991381178192e+03
-9.107241996886630204e+02
-1.077621259518706438e+03
-1.075513881687676303e+03
-8.753925982044970624e+02
-1.202752222488964208e+03
-7.710180093034023230e+02
-1.059632230853692818e+03
-1.074699833937214635e+03
-1.661723091646214243e+03
-1.064709497902525982e+03
-1.489325976266619364e+03
-1.389378937461529176e+03
-1.460817177979061853e+03
-1.757409168309951156e+03
-1.261451510270060226e+03
-1.602773330168276516e+03
-1.660346323177594968e+03
-7.551772285908157301e+02
-1.115179600229548441e+03
-1.705862739337663925e+03
-1.069431763545266676e+03
-1.706432478153667262e+03
-1.183985418498135232e+03
-1.168384446895690644e+03
-1.748781799495308860e+03
-1.337247863503347844e+03
-8.965934872005626630e+02
-1.265188794857711400e+03
-1.165227467546842945e+03
-1.464591663801125151e+03
-1.686577870859371387e+03
-1.591851768329894185e+03
-8.713175064315443024e+02
-1.366887771358817645e+03
-8.685406043339575035e+02
-1.171681300073739976e+03
-1.042372822231125156e+03
-9.030768478304488553e+02
-1.357000622585989959e+03
-1.343858414562511371e+03
-1.605921457879646141e+03
-1.353721350334947374e+03
-9.816611139069118508e+02
-1.073034212145376159e+03
-1.167244774519888324e+03
-1.461443054010102514e+03
-1.101164470122600733e+03
-1.815303192829336012e+03
-8.653073008476072800e+02
-1.753333464837521660e+03
-9.658873792410162196e+02
-8.948624712111928829e+02
-1.489890894591459755e+03
-1.157440280745352538e+03
-1.611336966242017070e+03
-1.057141008465320510e+03
-9.206648157025892942e+02
-1.073871647389414420e+03
-1.169432789576400637e+03
-1.652829492276284782e+03
-9.967432707569266768e+02
-8.731561060383700124e+02
-1.295687598256144611e+03
-1.565956095174558413e+03
-1.286644184500730944e+03
-1.064622782661711653e+03
-8.660166577702415225e+02
-9.616811718529407926e+02
-9.875084993931636745e+02
-1.072971637444573844e+03
-1.584104497180225053e+03
-8.600901016945406354e+02
-1.141635937310672489e+03
-1.615998097588722658e+03
-9.724796867563858314e+02
-1.377691202963021169e+03
-1.282006574052220685e+03
-1.021382317110620306e+03
-1.069983156013767712e+03
-7.709220477438858552e+02
-8.622727671969507810e+02
-1.300233031256610502e+03
-9.135944818428666849e+02
-1.226849121369226395e+03
-9.347006001518079756e+02
-1.051276843388686757e+03
-1.288736090604544643e+03
-1.435610730250641154e+03
-1.469761803947167664e+03
-1.456297149167528460e+03
-1.055439598575588889e+03
-1.072395076353318927e+03
-1.635809746677758767e+03
-1.639254826260087384e+03
-1.087828481646714636e+03
-1.431162816829088570e+03
-1.580590538485391562e+03
-1.764624847847352839e+03
-1.192284753386819602e+03
-8.799845653797245859e+02
-9.925739094128599618e+02
-1.246817062407657431e+03
-1.058606262975379423e+03
-1.336694615708805941e+03
-1.663013980433978077e+03
-1.328189100211546020e+03
-1.411991852429335268e+03
-9.353862016744188850e+02
-8.577514601155471610e+02
-1.166547461189085197e+03
-9.653963431189330322e+02
-1.571338853674602206e+03
-1.752812798687581335e+03
-9.412505046622184182e+02
-1.770252353261107373e+03
-1.294048349264659237e+03
-1.166811816163242838e+03
-1.222634401097029240e+03
-1.795678656016234754e+03
-1.420569582876798677e+03
-1.705137473866378741e+03
-1.724101650800458629e+03
-8.996317590894508385e+02
-8.658830142896337065e+02
-1.515058376201005331e+03
-9.848339680920973933e+02
-1.769615789235994725e+03
-1.619649660687588266e+03
-1.275891931359864429e+03
-1.349889150141931395e+03
-8.694197944259326505e+02
-1.380227013812688938e+03
-1.173752851654347069e+03
-1.764964046715610493e+03
-1.618061600481042433e+03
-1.391647837743583750e+03
-9.822028672196682919e+02
-1.172730575546593400e+03
-1.310626266156790507e+03
-1.240245639279505440e+03
-1.285517254199457284e+03
-1.166177543756929254e+03
-1.761651462893121561e+03
-1.179861852359410250e+03
-1.230816855188901400e+03
-1.772818555901099899e+03
-1.519412869307895562e+03
-9.028087998541644765e+02
-8.508363018889086788e+02
-1.353448198413436103e+03
-8.907361204036466233e+02
-1.143131854228965722e+03
-1.402762117375350499e+03
-8.591289309482330054e+02
-1.387081499586321343e+03
-1.499996094145807092e+03
-9.567866223667462009e+02
-9.961041699107915974e+02
-1.318387721653423796e+03
-1.307296575080772300e+03
-8.725148049193029465e+02
-1.173635380741570543e+03
-1.615712958881070790e+03
-1.158937965424498316e+03
-1.353637665146239669e+03
-1.110081671119804923e+03
-1.459337934913966819e+03
-1.740103519303531129e+03
-1.688175728998751765e+03
-1.338550161115062565e+03
-1.133196162869540558e+03
-1.339751409445911804e+03
-1.178231233200456018e+03
-1.807736396384207865e+03
-1.485924343803255852e+03
-1.813478517226801614e+03
-1.466881840410510904e+03
-9.702019306261854581e+02
-9.954481581307583156e+02
-9.227086981688360083e+02
-1.478106450781259355e+03
-1.145993128217145795e+03
-8.247099686966345189e+02
-1.176480938436196766e+03
-1.196906179384089683e+03
-8.886443826967497444e+02
-1.732514485512687543e+03
-1.384204950936387831e+03
-1.444728170105179970e+03
-1.058665406107313856e+03
-8.916856198894377030e+02
-7.752190780520148792e+02
-1.417675340034266355e+03
-1.855625167298318729e+03
-1.066283909510536432e+03
-1.406847179151222463e+03
-1.578520249836144558e+03
-1.300680030898028917e+03
-1.295633721460021661e+03
-1.073556369362546320e+03
-1.526398813591468297e+03
-1.723386452900410404e+03
-8.779930730029690267e+02
-1.070644338230316180e+03
-1.459371514448045218e+03
-1.624457646191159256e+03
-1.574822589943346429e+03
-1.460201268417715482e+03
-1.329852387205700552e+03
-8.736113941312707993e+02
-1.186099642941179354e+03
-1.458591797501768269e+03
-1.525680418984880134e+03
-1.469678332350221808e+03
-1.751692787461362968e+03
-1.177688821174996292e+03
-1.197836892442791623e+03
-1.464193840544900468e+03
-8.444757885221965807e+02
-1.531139395005708820e+03
-1.589448790202892496e+03
-1.528817333777021304e+03
-1.507053230109557944e+03
-1.282735377983170338e+03
-1.075365598237583299e+03
-1.330365275999410642e+03
-8.724778711977877492e+02
-1.662274564247747321e+03
-1.097395679407859689e+03
-1.709867068222622038e+03
-9.038627020878720941e+02
-1.027657960940802468e+03
-1.161612033898160462e+03
-1.079234391772156641e+03
-1.042039232442028833e+03
-1.091316779311552182e+03
-1.076516571508152310e+03
-1.297000812183777043e+03
-1.620010712171281511e+03
-1.066763613086360238e+03
-8.577522159511747759e+02
-1.463203218794232498e+03
-1.166947569661101852e+03
-1.334930017523648303e+03
-1.286371145905407957e+03
-1.179290965922784835e+03
-9.799914991232129751e+02
-1.176112834856520067e+03
-1.558724618983474784e+03
-7.395965921365731219e+02
-1.071544449454160485e+03
-1.001958920374429908e+03
-1.323593754666317636e+03
-1.668200661709305678e+03
-1.054182401005833071e+03
-1.282083308990194155e+03
-1.529544049958007236e+03
-1.229067881409861002e+03
-9.793620330320222820e+02
-1.216038259656426362e+03
-1.286183148593170017e+03
-7.719341885604077333e+02
-9.846190719058470222e+02
-9.672274175069472903e+02
-1.779742690791471887e+03
-8.625648667950420077e+02
-1.302002586904929558e+03
-1.180138163603730618e+03
-1.525981344390337654e+03
-1.063798090751395421e+03
-1.173798992303920613e+03
-8.846118331783178519e+02
-1.080532445568738012e+03
-1.003818046255412469e+03
-1.138867180606798911e+03
-1.718435807744091335e+03
-1.639330715668350194e+03
-7.495219930600668476e+02
-1.458803663768342176e+03
-1.270137322959670655e+03
-1.049674159729657958e+03
-9.179481568295576608e+02
-1.613131357017407026e+03
-1.794243238627483834e+03
-1.596904528630578170e+03
-1.161660959979963309e+03
-1.150003485349172934e+03
-1.169695632639476798e+03
-1.068928972059087300e+03
-1.681086157974375965e+03
-8.809338651857372042e+02
-1.265642573090099859e+03
-9.271131648920248836e+02
-1.467230042736948235e+03
-1.005941516969692202e+03
-1.304368218897986480e+03
-1.571403713792481312e+03
-1.800711813911608033e+03
-1.104033586391757581e+03
-1.288728088614468561e+03
-1.022162197483079126e+03
-1.066529365481745799e+03
-9.545605908349666606e+02
-8.655982740500877526e+02
-8.311201283441143914e+02
-1.657051609088239047e+03
-1.360681439112698627e+03
-7.681952839456669153e+02
-1.606978348337536772e+03
-7.524726373564311643e+02
-1.449372727865238176e+03
-1.069595213564701453e+03
-8.661333631898525027e+02
-1.173875003925449846e+03
-8.895243359210688823e+02
-1.347421379976626213e+03
-1.353180864221169259e+03
-1.438326846153407359e+03
-1.174263743997828669e+03
-8.716544159025684166e+02
-8.683925344521981060e+02
-8.635980604165907835e+02
-1.600224033695655862e+03
-1.166767824324879257e+03
-1.391332766163374117e+03
-1.348460721523951179e+03
-8.740748329918567379e+02
-1.530724293704411593e+03
-8.911400904307043902e+02
-1.564952670941402630e+03
-9.841695511178694460e+02
-1.415540395554505949e+03
-1.150182533210507927e+03
-1.670315297936396973e+03
-1.174316976078578591e+03
-8.723288640219768695e+02
-1.624369167450506211e+03
-1.256156827703538738e+03
-1.856842987856534592e+03
-1.750354571959873283e+03
-1.624211414992287246e+03
-1.005859488880115236e+03
-8.787229580788959993e+02
-8.584214164301945402e+02
-1.146649351400176329e+03
-8.523804726413437720e+02
-1.431173234398584327e+03
-1.072825380550123327e+03
-9.728527033905255621e+02
-1.374923115017680857e+03
-1.457690905284929158e+03
-1.068877959180369771e+03
-1.194277529725476597e+03
-1.040783298825914017e+03
-1.386823843710340270e+03
-1.850313641045629083e+03
-8.447842222997976478e+02
-9.800933982508087183e+02
-1.592352828509369147e+03
-1.774769765069093864e+03
-9.688514068600486553e+02
-1.442635380780437799e+03
-8.929469996090940640e+02
-7.631995757449359417e+02
-1.748707072633156031e+03
-1.614687671952492337e+03
-8.624178108446660644e+02
-1.482639328635065340e+03
-1.577982084094237734e+03
-7.538854046871404080e+02
-1.173175268481689500e+03
-1.416274058063160055e+03
-8.986163633252153886e+02
-1.189041977630827205e+03
-8.838528098386899501e+02
-1.196380434130715912e+03
-1.772873988324073025e+03
-1.638549907495126490e+03
-1.037356084755229631e+03
-1.323664953348342806e+03
-8.320823903832132373e+02
-1.325270413951431465e+03
-1.529028362030084281e+03
-1.081426379233236048e+03
-8.500946678088200770e+02
-1.557129071639520589e+03
-1.583111149809638619e+03
-1.055745541539591159e+03
-1.701804681799745595e+03
-7.615654024943545437e+02
-8.903161541932909131e+02
-1.086648876356347955e+03
-1.290597235293889298e+03
-1.072499310923556322e+03
-1.620862048029842072e+03
-9.662621825362866730e+02
-1.536551822750874180e+03
-1.058566592998229908e+03
-1.529121488346544538e+03
-1.272469110543872375e+03
-1.242441185771943765e+03
-1.356052089152082317e+03
-9.460411579033768703e+02
-1.174625026533048185e+03
-7.664552799555061711e+02
-1.560987320968001995e+03
-1.469715038621981648e+03
-1.569577983163413592e+03
-1.216224529346898862e+03
-9.013279646237971292e+02
-1.294699296603800576e+03
-1.287063282857530794e+03
-1.684950916190786302e+03
-1.292548860851990185e+03
-1.380237468060022366e+03
-1.214029637554528563e+03
-1.305190522330595968e+03
-9.633847039207217904e+02
-1.300528939379041731e+03
-1.170002315737675872e+03
-8.796575057581404735e+02
-1.483901269920746927e+03
-1.247915482670702431e+03
-1.248429886779002800e+03
-1.370013975217564621e+03
-8.641884854148353270e+02
-1.388397930781083915e+03
-1.591079527567826972e+03
-1.054469144612920672e+03
-8.203142276211830222e+02
-1.483419471803755869e+03
-9.786224711382208170e+02
-8.944047084714421771e+02
-1.185369098876491535e+03
-8.645382301662534701e+02
-9.646691011781766747e+02
-1.788568210145360581e+03
-1.064058829478749203e+03
-1.082982632156791396e+03
-1.651340467701614443e+03
-1.593790085833979902e+03
-1.278630125606221782e+03
-9.900645276778677726e+02
-9.744031036741756679e+02
-1.573059302213187948e+03
-1.615230072590052487e+03
-9.984001081308392713e+02
-1.187653187870157126e+03
-1.365413754707486305e+03
-1.011530650977057462e+03
-1.639272854149318391e+03
-1.450578500000152644e+03
-1.285183033708155335e+03
-1.377021705097747599e+03
-1.292275409969535531e+03
-9.637002995610779408e+02
-1.211062912827949049e+03
-1.070813244331864325e+03
-8.743032363928756467e+02
-1.452663971763748123e+03
-1.027360020842642371e+03
-8.341083974150886888e+02
-1.071673412886275628e+03
-9.865908815963380221e+02
-9.482226755767658233e+02
-1.274865900342296982e+03
-1.351749226838061531e+03
-1.204839938133280384e+03
-1.152441807400861990e+03
-1.069333906251174767e+03
-1.534174817111948187e+03
-1.767262425367775904e+03
-1.310244714565267714e+03
-7.429204651654167719e+02
-8.689570531087734935e+02
-1.376091057222876316e+03
-1.501487801648340564e+03
-1.787801048528654292e+03
-7.549165936952656466e+02
-9.734910958983524552e+02
-1.165698977959466674e+03
-9.037818903536348216e+02
-1.258236101135681110e+03
-9.566273143652688304e+02
-9.932373375184166662e+02
-8.722573301914972035e+02
-1.693130256216644511e+03
-8.646145510875137461e+02
-8.890275003918850416e+02
-1.560192261963870578e+03
-1.710619046899179466e+03
-1.281031755258707562e+03
-1.180931311584877449e+03
-1.153393634767806816e+03
-1.756156121652648835e+03
-1.362874179375218546e+03
-1.351118507184377449e+03
-1.344265842994350123e+03
-1.754471101255551048e+03
-1.350726524157488711e+03
-1.196399316663087120e+03
-7.514298141866073593e+02
-1.264949154549776495e+03
-1.180010440090517022e+03
-1.361941356872138385e+03
-1.553383853043375893e+03
-1.184038864104579488e+03
-7.702373796918649305e+02
-1.702177067476526418e+03
-9.976832182107472136e+02
-7.557562448490029965e+02
-1.777435757470198951e+03
-1.475656830173100161e+03
-8.802773233074191239e+02
-1.274672162464778012e+03
-8.544113804142164099e+02
-7.462256853070383613e+02
-8.712462314576462177e+02
-1.501485200208092465e+03
-8.768335076107900932e+02
-1.852502347323036020e+03
-1.377672419369148656e+03
-7.699351292271405782e+02
-8.822639449873664717e+02
-1.002347949003679105e+03
-1.226872635652357076e+03
-1.177672333929212073e+03
-8.765661239019958657e+02
-1.062427454124317592e+03
-1.358564225479673041e+03
-1.311503800827357736e+03
-1.059358424408306973e+03
-1.172448982735124446e+03
-1.057437108115994306e+03
-1.507686092903967847e+03
-9.748038357466546131e+02
-1.106688681367830895e+03
-1.286086242996989085e+03
-1.099850110078035641e+03
-8.097294323259301336e+02
-1.581697558359319146e+03
-9.884897508435803957e+02
-1.287040977703520866e+03
-8.681059055689629531e+02
-1.310014228182796842e+03
-8.651867421382263501e+02
-8.643146302365835254e+02
-9.678135006645783278e+02
-1.420736357802035855e+03
-1.398780395072546526e+03
-1.516302227061364192e+03
-1.332879639893606509e+03
-1.143013838565749666e+03
-1.069693750026315911e+03
-1.356165264262581104e+03
-8.416295936530381141e+02
-1.734093747720468627e+03
-1.701049130119928577e+03
-1.528198346340593389e+03
-7.728920890551526099e+02
-9.633190036320112313e+02
-1.786033565437699053e+03
-1.373350835134108593e+03
-1.361293964312688786e+03
-1.201284911976232024e+03
-1.011678581533510851e+03
-1.840666189473065515e+03
-7.551545967687382017e+02
-1.266593024312793432e+03
-1.068579889810702070e+03
-1.234279653466586524e+03
-1.691668257018388886e+03
-8.838932911670311796e+02
-1.703209978292416508e+03
-1.255366156086647607e+03
-1.770147138467740888e+03
-1.690186441478305824e+03
-1.299883513542088849e+03
-1.300953639975297165e+03
-1.469008752448871974e+03
-1.185166950590760280e+03
-1.640320976655166987e+03
-1.294722210361939460e+03
-1.527600860274759498e+03
-1.501718128226345470e+03
-1.046570099640919580e+03
-8.773391374878195847e+02
-1.616246844866124093e+03
-1.509185973787772809e+03
-1.557117490544435668e+03
-1.005317223815894636e+03
-1.081313079065866532e+03
-1.228672788342936201e+03
-1.350524994439087322e+03
-1.058931100439180454e+03
-1.164238436740454063e+03
-8.625395045036261763e+02
-1.072036510825783807e+03
-1.143697396229784317e+03
-1.192481026009677180e+03
-1.064048927105797247e+03
-1.809488591683798177e+03
-1.071676043255208242e+03
-1.604054480600104853e+03
-1.464826229705045989e+03
-1.727835973288863443e+03
-1.130314240389145880e+03
-1.079811053354086198e+03
-1.693351213943102039e+03
-1.675873244360288027e+03
-1.199282812663678214e+03
-1.430017524980718918e+03
-1.208998026913990998e+03
-1.551558759089885370e+03
-1.270797665907127794e+03
-1.226443535560001465e+03
-9.912131128515118235e+02
-1.481708245166029201e+03
-1.525770972075982854e+03
-8.957419238961779229e+02
-1.637856026702923600e+03
-1.183298346979488542e+03
-1.474647599619738912e+03
-9.709696588865458580e+02
-1.066544057536384344e+03
-9.598917348297831040e+02
-8.645178358045178584e+02
-9.767975156069998093e+02
-1.338046817824219715e+03
-1.726868879439681905e+03
-1.426869500311561524e+03
-1.149855465742371734e+03
-1.760924485942892261e+03
-8.970105256237922049e+02
-1.427875883568142854e+03
-1.488365290190587302e+03
-9.721662622678318257e+02
-1.681077224448381457e+03
-1.606206549458957397e+03
-1.362935005277499386e+03
-8.989412993316419715e+02
-1.660885164092472451e+03
-1.176104959430793087e+03
-9.679408510178769802e+02
-1.348267055217660300e+03
-1.244912829726579957e+03
-9.745277822587506762e+02
-1.506888386145355753e+03
-1.039195959058460403e+03
-1.598099240576270404e+03
-1.369802660220407006e+03
-1.819901085167721703e+03
-1.319218181251371561e+03
-1.075113420433238389e+03
-8.639400188388508468e+02
-1.343228230421751277e+03
-9.722573390523334638e+02
-8.790433305305122076e+02
-1.559418578883796954e+03
-1.050267991071890265e+03
-1.318335344079671813e+03
-1.389288278041354943e+03
-8.436676992974618088e+02
-8.613355133801871943e+02
-1.522262542336648039e+03
-1.392529295366945007e+03
-8.380921129889399026e+02
-1.555864237381346584e+03
-1.623232500769577882e+03
-1.584822324653023543e+03
-1.410924092713329401e+03
-8.814216784142558936e+02
-1.625813493618836674e+03
-1.071215659535044551e+03
-8.716588520445230870e+02
-1.176521645084387274e+03
-1.339148392936403752e+03
-1.734315589973796250e+03
-1.569570513747143650e+03
-1.288712719000050583e+03
-1.267865343717467795e+03
-1.759354411538581871e+03
-1.605234800328561050e+03
-1.392569983593622965e+03
-1.164634624653047467e+03
-9.991792296018751358e+02
-9.620362715554891793e+02
-8.948995288851251644e+02
-1.637685613277171569e+03
-1.496120325538699262e+03
-1.317623742988895174e+03
-1.630612621831518254e+03
-1.442503588147678784e+03
-1.319634549625437330e+03
-9.617324601233187877e+02
-1.727835897943655027e+03
-1.075295732815270185e+03
-1.182673289692174421e+03
-1.069393799935002335e+03
-1.299027662696245216e+03
-1.651196862365192601e+03
-9.669432017207702756e+02
-8.783558591917475269e+02
-1.377712695275550232e+03
-1.038134220063968996e+03
-9.981966893550005580e+02
-1.124498774614692138e+03
-8.702910530421178237e+02
-1.447202573921096246e+03
-9.373999902330406258e+02
-8.302474680061237677e+02
-1.020006345870091536e+03
-8.078172687610114053e+02
-9.747119590324098226e+02
-1.381846648984715102e+03
-1.295497417065626678e+03
-8.727806042420769472e+02
-7.543790999710749929e+02
-7.693471899897671165e+02
-1.463031949332389786e+03
-1.391479285445166852e+03
-1.736991545856986249e+03
-1.367730918235072068e+03
-1.714998366294368680e+03
-7.616012316076917159e+02
-1.427876087878359385e+03
-1.170030695711477392e+03
-1.179403888776545728e+03
-1.590465041701109385e+03
-1.163871610795142260e+03
-1.085864637799278626e+03
-1.773995245732805870e+03
-1.336558077423918121e+03
-1.580741470634270172e+03
-1.185372217697708038e+03
-9.575422336997031607e+02
-1.463131590730590688e+03
-1.190402304753406270e+03
-8.939707155242206227e+02
-8.255696746896898048e+02
-1.065642925739718748e+03
-1.559560268959758332e+03
-8.791100124044809263e+02
-1.719183991043713377e+03
-1.070240047078610132e+03
-1.212969392501942821e+03
-1.061748544625683053e+03
-1.211085043423689740e+03
-1.638080403975335003e+03
-1.224444305121968682e+03
-8.510063690178415072e+02
-1.702503582037547403e+03
-1.070421630015116307e+03
-1.349313492416611325e+03
-1.053831294298013518e+03
-1.526738499450848849e+03
-1.342377161177748349e+03
-1.717570212567200997e+03
-1.158922999656037746e+03
-1.540825523415911448e+03
-8.970854694186201641e+02
-8.797058838601602702e+02
-1.397699231546186638e+03
-7.768829736830523416e+02
-8.871212369678768255e+02
-1.162625487786314352e+03
-1.218868644479533486e+03
-1.116798157348640871e+03
-1.387839944958544038e+03
-1.754525527146774948e+03
-1.583912380681828381e+03
-9.760900026527201589e+02
-9.942754611021025539e+02
-1.408723661152615023e+03
-1.861018906470547790e+03
-9.899185370023417363e+02
-1.743854609611833439e+03
-8.958738419149826768e+02
-1.373159735730522698e+03
-9.711135434681500556e+02
-1.066857484860614250e+03
-8.706956949064658602e+02
-1.407759605138021698e+03
-1.296659510300219608e+03
-1.307761217180611538e+03
-1.762580568682079274e+03
-9.874274057586050048e+02
-1.017685487906812682e+03
-1.304093094621912087e+03
-1.067722966301408860e+03
-8.561963582284081440e+02
-1.066022461621713774e+03
-1.168518992438029045e+03
-1.197646759646416513e+03
-8.715500986089308526e+02
-1.295393429921996358e+03
-1.419111283911578766e+03
-1.386791411739884552e+03
-1.313656475637018048e+03
-9.758305711988538178e+02
-9.929569766494018950e+02
-7.479228370066289244e+02
-1.320843227583215594e+03
-8.881336082322337688e+02
-8.941114971304200481e+02
-1.396503454711629729e+03
-1.208407743151228260e+03
-9.043999134867608518e+02
-9.800229063500656821e+02
-1.362639682008030377e+03
-1.071725657979735388e+03
-9.997524795052088393e+02
-1.239715755636370659e+03
-8.903369027214197331e+02
-1.564076649481671211e+03
-1.148185235595208496e+03
-7.482454824693804767e+02
-1.086244414688857660e+03
-9.757271428158843491e+02
-1.485407079832479894e+03
-1.692964025533529593e+03
-1.716418328053083087e+03
-1.298234574584262646e+03
-1.126542764066716700e+03
-1.012657850325811523e+03
-1.492666670692101434e+03
-9.748072316892441904e+02
-1.485952682582046464e+03
-8.548147518283398085e+02
-1.376682928203801566e+03
-1.751621621394483100e+03
-1.167054985735211858e+03
-1.282543604876991822e+03
-9.192450687147930921e+02
-1.306445546946848935e+03
-9.805468473693133546e+02
-8.636298242000253822e+02
-9.773281267498491616e+02
-8.150680315042234270e+02
-8.634757602621697288e+02
-1.160351946909164553e+03
-1.765330081281202638e+03
-1.648988752036174219e+03
-9.666346866479573237e+02
-1.263276439718546953e+03
-1.737069078987123930e+03
-8.616764758869516072e+02
-1.076768341935963008e+03
-9.863103759656963803e+02
-1.176867634764213562e+03
-1.305000827056650905e+03
-9.402979384277572308e+02
-1.529748987942783970e+03
-1.532844437498618618e+03
-9.736993087244837852e+02
-1.069201722053468529e+03
-9.125299249384783025e+02
-1.298387305258029983e+03
-1.692979017831764622e+03
-1.298485057716868596e+03
-9.590498318810532510e+02
-8.851953271789070641e+02
-1.376603170681594520e+03
-9.693738577046632372e+02
-1.166729344870307386e+03
-9.678649841427651381e+02
-1.435380267515889955e+03
-1.729019854053878134e+03
-7.344415398719653467e+02
-1.516525240512509299e+03
-9.663710171948639527e+02
-8.491504629204473531e+02
-1.424979573078693647e+03
-1.375577587911822320e+03
-1.314242902913879107e+03
-1.802040058969530264e+03
-1.679319886447233330e+03
-1.264421232139500262e+03
-8.187331968492164833e+02
-1.549492995526951063e+03
-1.089008999570128481e+03
-1.361163207862102581e+03
-1.289562267319100101e+03
-1.143683473612644093e+03
-9.855319107659238398e+02
-1.337594840845159069e+03
-1.218983160005083846e+03
-1.684975599916436522e+03
-1.641139843798957827e+03
-1.271693058149394346e+03
-8.603913816012623101e+02
-1.276333377662814655e+03
-1.516882482178970577e+03
-1.366808905491367113e+03
-1.159150727520055398e+03
-1.277324628376485407e+03
-1.527652347887376891e+03
-1.389029988845837352e+03
-8.857324746693096813e+02
-1.068300555950482931e+03
-1.548383672337273310e+03
-9.427940032656117637e+02
-1.177940000492935042e+03
-1.879556631608398447e+03
-1.234433128671265422e+03
-1.090682604561423432e+03
-8.957878699145068140e+02
-1.404787936018519758e+03
-9.365763492723398258e+02
-1.374802774884412202e+03
-9.646305249796314456e+02
-9.987337582798942321e+02
-8.516565005105885575e+02
-8.485728599144135842e+02
-1.081322676297336102e+03
-1.345001873685107057e+03
-1.087715343645082839e+03
-8.835350710738580347e+02
-1.741913798151888386e+03
-9.203923415338545055e+02
-1.224521795944652922e+03
-1.394306400937313356e+03
-1.471912410851219192e+03
-1.202285957393720992e+03
-8.889965743733091585e+02
-1.055203839408078238e+03
-1.046434055042701630e+03
-1.246916716721187413e+03
-1.165106833319592852e+03
-1.304449085405296501e+03
-1.061696457670349446e+03
-1.545090801147237471e+03
-1.520700746982889086e+03
-8.650942358593310928e+02
-1.568178110943423917e+03
-1.124464066601763761e+03
-1.266310439603034638e+03
-1.377375297748798857e+03
-1.299339687247237862e+03
-1.242582631629074058e+03
-1.056472773322849662e+03
-1.228290974585617278e+03
-1.142481026706654575e+03
-8.633848379998884184e+02
-1.071782404737469506e+03
-9.684028937160751411e+02
-1.081717446175276564e+03
-1.160893578417084882e+03
-1.302232069665108611e+03
-8.675170229749259079e+02
-8.590698541006335063e+02
-1.314429971009345309e+03
-1.480926803979874194e+03
-7.529695870884985425e+02
-1.348222136909621668e+03
-9.763078621279457820e+02
-1.618596413564589739e+03
-8.075581910230375797e+02
-1.198210496518236596e+03
-9.862430809677038042e+02
-1.069925458374093978e+03
-1.077356870727652677e+03
-1.600673738626973773e+03
-8.857138396071148918e+02
-8.640211350249553561e+02
-1.419036868441309252e+03
-1.018815162583869210e+03
-1.174031294063604946e+03
-1.709694879731639048e+03
-1.425164684410867949e+03
-1.409746272336241191e+03
-1.364155792481186836e+03
-1.060671836913530342e+03
-1.305749600871010671e+03
-1.183801060624674165e+03
-1.444952371026827677e+03
-1.275628577440360459e+03
-8.941228964876601140e+02
-1.289528301249313245e+03
-8.766957916285296051e+02
-1.652344196445795660e+03
-7.737955612366163223e+02
-1.085151090017491015e+03
-8.443682673320721506e+02
-1.007345061693376238e+03
-1.073277305268763484e+03
-1.486686862825280514e+03
-9.714762107913172713e+02
-8.450114779374450791e+02
-1.405020616072476741e+03
-7.841405585297953849e+02
-1.280686286124494245e+03
-8.282227065884521835e+02
-1.178528424714941821e+03
-1.293117244852929844e+03
-1.765746971079877540e+03
-1.495337412822480019e+03
-1.246803937440797199e+03
-8.687606529859936018e+02
-1.591394697789235579e+03
-1.013421481772674156e+03
-1.160183458988461098e+03
-1.525045535800981952e+03
-1.035733815754614625e+03
-8.233389224185356170e+02
-8.008522759981649415e+02
-1.707523519346373632e+03
-1.644707611770818403e+03
-1.066361188221721704e+03
-8.752115175472085866e+02
-1.007941197204112882e+03
-1.281496497685818440e+03
-1.185221593003331009e+03
-1.395416308566629823e+03
-1.029755195775190941e+03
-8.742179767963978065e+02
-1.070956435790763862e+03
-1.159721888194304029e+03
-1.774055630334377611e+03
-9.461280292651021000e+02
-1.078355663510893010e+03
-1.164840424061934300e+03
-1.720615727095289458e+03
-1.511220294737005361e+03
-1.029783090594480200e+03
-8.660734018445640459e+02
-1.730257151321101446e+03
-9.463882913848708540e+02
-1.287242738554829430e+03
-1.344236358470895084e+03
-1.489547971519926932e+03
-1.824725782108361500e+03
-1.268381526459066663e+03
-1.466068366814135743e+03
-1.579818957332172658e+03
-1.193123388355535781e+03
-1.670046284993981317e+03
-1.386578192192528832e+03
-1.621510388428180931e+03
-1.187829233693632659e+03
-1.014210236616713928e+03
-1.420241186750875386e+03
-1.218568760998746484e+03
-1.625971753657800946e+03
-1.775146332859399308e+03
-1.052029449621236381e+03
-1.647327352624519790e+03
-1.621274433062314074e+03
-1.009099960254646817e+03
-1.333506509093480645e+03
-9.682341078937132579e+02
-1.462683716660090568e+03
-1.150370800995814534e+03
-1.183184702661044867e+03
-1.416187057578684062e+03
-7.651692639367668107e+02
-9.966240319119416426e+02
-1.441735091283813972e+03
-9.771366358812637145e+02
-1.544882966765117544e+03
-1.044783440529026166e+03
-1.029373278500444258e+03
-1.036578612295832727e+03
-1.633222145149905373e+03
-1.659121799787124928e+03
-1.183077032744211010e+03
-1.288929204626055480e+03
-1.305576060119662998e+03
-9.051152330207373780e+02
-1.090103114743430297e+03
-1.279933642106040907e+03
-9.650735690625318739e+02
-1.390938933432953263e+03
-1.072822173141503526e+03
-1.691220312134596270e+03
-1.420780778882112372e+03
-1.351280303547278436e+03
-9.112530063938918374e+02
-1.294453043528860917e+03
-1.775702541124695017e+03
-1.503901587962375515e+03
-1.578539735816617394e+03
-1.730706145324384579e+03
-1.289693230483142315e+03
-1.582495252862783900e+03
-8.954235322432513158e+02
-1.440505982510345575e+03
-1.304548412403052680e+03
-1.763974606548626753e+03
-1.197545117391912527e+03
-1.263321480080880974e+03
-1.692529473890348754e+03
-9.813686974162769729e+02
-1.288344427560541135e+03
-8.636707073758988145e+02
-9.558716225550725767e+02
-9.879602925166177556e+02
-1.770926844330055246e+03
-1.303812946975831665e+03
-1.374362202789531466e+03
-9.203998679559208540e+02
-1.750059584431549411e+03
-1.545385256270580840e+03
-1.176556985234195054e+03
-1.658097730810406802e+03
-1.512584293239739736e+03
-8.839784914398840101e+02
-1.752476844680427803e+03
-1.546510161332878170e+03
-7.458034122500266676e+02
-1.321152873461690206e+03
-1.225277997132209975e+03
-8.711826463665249776e+02
-8.818197018459816263e+02
-9.355300398319163833e+02
-1.578247630658684329e+03
-1.187717199352758144e+03
-1.303146622504087873e+03
-1.180064293424254174e+03
-1.373218115645739772e+03
-8.511220796942131983e+02
-1.067255171111326035e+03
-1.653217497281682881e+03
-1.790473242863641872e+03
-1.180486928946224225e+03
-1.350706904077992704e+03
-1.243413334271175700e+03
-8.799615356555752896e+02
-1.652081096110657882e+03
-9.718588065639996785e+02
-8.911893970614448790e+02
-1.426323700297344885e+03
-8.696648589019889641e+02
-7.597934349451190883e+02
-1.438283013753904470e+03
-1.567113943277784301e+03
-1.604908942171534591e+03
-1.172129537321843600e+03
-1.068621383990894856e+03
-1.663933419897933391e+03
-1.482617156001790818e+03
-1.176635935819745328e+03
-1.604820402670044132e+03
-1.673089701310990677e+03
-1.684792498481038365e+03
-1.185200830806751355e+03
-1.183064670652962832e+03
-8.718828503870887516e+02
-1.319578683202452794e+03
-8.676641318170694603e+02
-1.074515861818187432e+03
-1.189704951036971806e+03
-9.980127651204696804e+02
-1.511724532188990224e+03
-1.278506849699302165e+03
-1.095718302442598542e+03
-7.495236034343456595e+02
-1.400254716924377817e+03
-1.274675191272488746e+03
-1.304980667324559590e+03
-8.800850333663481706e+02
-1.635064052942172793e+03
-7.517427378243476142e+02
-8.894209901255794648e+02
-1.247570089823465423e+03
-1.665222513699307001e+03
-1.161743023426018453e+03
-1.515528077147649583e+03
-1.585569603567650802e+03
-1.002779347000054031e+03
-8.368300297492202162e+02
-1.196658340776287787e+03
-7.086234149651572807e+02
-1.008928409744359215e+03
-8.307219151330860996e+02
-1.000867308304824178e+03
-7.484582501476511425e+02
-1.626415527753606739e+03
-1.557579185164993305e+03
-1.039450756259282343e+03
-9.738694845080308369e+02
-1.054857642543908241e+03
-9.771945819448718566e+02
-1.085064384696936941e+03
-8.934451459257080614e+02
-1.530372552411630750e+03
-1.581454494814877080e+03
-1.645946961075079571e+03
-9.598803627839545243e+02
-1.009353379464272280e+03
-8.746049583333300461e+02
-7.423023883284206477e+02
-1.585298854408016723e+03
-8.991456216348212820e+02
-6.908908760836303600e+02
-1.039969823302903706e+03
-1.309418416005110430e+03
-1.062158665332916144e+03
-1.205397848392473634e+03
-1.655382230495896465e+03
-1.474294020279434335e+03
-1.322389322271182891e+03
-1.072534213387100181e+03
-1.427858070205497370e+03
-1.613967785873766616e+03
-1.149278146482306056e+03
-1.365815787880588459e+03
-1.069379932227212294e+03
-8.678673939020279704e+02
-8.835157163209066766e+02
-1.258425987245934039e+03
-8.846554767346450490e+02
-1.177358351053581146e+03
-1.164616298806533450e+03
-1.581782206303324756e+03
-1.479164959697301811e+03
-1.416894128544586692e+03
-8.940984670789428037e+02
-9.025457833619049097e+02
-8.734724542978033242e+02
-1.004124731715769030e+03
-1.344584955899012812e+03
-1.524471106694027640e+03
-9.540027231296479613e+02
-1.349160606104632734e+03
-1.780344323127787902e+03
-9.515796351799599506e+02
-1.174447752892247991e+03
-7.790239962008008661e+02
-1.786286130966921519e+03
-1.549481712598965032e+03
-1.428821359810965077e+03
-8.808640897173479516e+02
-1.145650776409962191e+03
-1.210959950078686916e+03
-1.362293513612085235e+03
-9.732230705050953929e+02
-1.465670647363712533e+03
-1.068506310031645171e+03
-1.647367617302262033e+03
-1.168992729469391406e+03
-9.404498887528312707e+02
-8.821125604702509690e+02
-1.640004178873698265e+03
-1.805659859422670479e+03
-1.095980301097902839e+03
-8.533390721625619335e+02
-1.082328058906761953e+03
-1.290073622946475552e+03
-1.261270592068561882e+03
-1.371480781925368092e+03
-1.622958303398770113e+03
-7.516230350514709926e+02
-1.237313909999848875e+03
-1.152556011713184034e+03
-1.007598197986437981e+03
-1.738131432438617821e+03
-1.535477119573961090e+03
-9.741200665875002187e+02
-1.254870563100410891e+03
-1.488894397545152060e+03
-1.265554391142921304e+03
-9.071665353756249033e+02
-1.501866153847840451e+03
-1.526087160013112452e+03
-1.172667914611416791e+03
-1.218218354188616559e+03
-1.796112953681350518e+03
-1.392661127300219277e+03
-1.210951383731481656e+03
-8.690944327635133959e+02
-1.757921732255864072e+03
-9.705340135281829816e+02
-1.160344687755612313e+03
-1.707960421663039824e+03
-1.255112368899639023e+03
-8.915407013164684713e+02
-1.001801346509059840e+03
-8.576849716286707235e+02
-1.518817348161778682e+03
-1.317183612508371198e+03
-1.491998392608937593e+03
-1.413548550383572092e+03
-9.600743156537247387e+02
-1.402612286159831456e+03
-9.623660723629204767e+02
-8.709714580154040959e+02
-1.822761339271930865e+03
-8.634616060967696285e+02
-8.986544027874397216e+02
-9.634993360903964685e+02
-1.591855556987736463e+03
-8.771373724612229807e+02
-8.542238673075486304e+02
-1.291022340357318399e+03
-8.250618708368642729e+02
-1.333093225693160321e+03
-1.352713586356480619e+03
-1.238258973111589739e+03
-8.610138580428613295e+02
-9.422269411180963061e+02
-1.444263057955077102e+03
-8.707331669396335201e+02
-1.318467752566944910e+03
-9.842776057042035518e+02
-1.632695567561399002e+03
-9.217612684358066417e+02
-9.757642606613353564e+02
-1.482514297054823146e+03
-1.742754771510463115e+03
-1.792130436505615762e+03
-1.066313998564376561e+03
-1.507351455604118428e+03
-7.594076977018346497e+02
-1.708227211231629781e+03
-1.208549704059130590e+03
-1.075814884344513075e+03
-1.070734322670370148e+03
-8.825185969842782470e+02
-9.574535021117022779e+02
-1.111030922135621495e+03
-1.529508863374521979e+03
-1.418051008464474990e+03
-8.968470489828534937e+02
-1.419952830037044350e+03
-1.296690748418677686e+03
-1.154181740028387821e+03
-1.074518512845853365e+03
-1.659255550238720161e+03
-9.663624852240587870e+02
-1.416248488678957528e+03
-9.137491764472455316e+02
-1.667555042066124315e+03
-8.534645526065395416e+02
-1.325477085366394022e+03
-1.156845113132776987e+03
-1.388848258194485425e+03
-8.987694447169528758e+02
-1.042818121111939945e+03
-1.060205764771556915e+03
-1.318390879073682981e+03
-9.782464307955002596e+02
-7.719746171792124869e+02
-1.040209094230833216e+03
-1.484932938798244777e+03
-8.964976447788330916e+02
-9.681865939064726945e+02
-1.494165132456250376e+03
-1.085146978474417210e+03
-1.071930037547132770e+03
-1.744739450606749642e+03
-1.332933709777159493e+03
-9.505536390063272165e+02
-9.623041229444534110e+02
-1.495342551048717496e+03
-1.451827417094531711e+03
-8.737941521309222708e+02
-9.075099336839120951e+02
-1.291563669518593088e+03
-9.210522532444892931e+02
-8.563044018368739216e+02
-1.665591167500138909e+03
-1.313312946178398761e+03
-1.716595698538896386e+03
-1.173210105771075632e+03
-1.135263058547238870e+03
-1.288265386575093999e+03
-8.072249664751758473e+02
-1.555149890080545219e+03
-7.608543130788632425e+02
-1.730193836318783497e+03
-1.453074124196198454e+03
-8.804573801274067364e+02
-1.296435102243332949e+03
-1.179717578044004085e+03
-1.058527400118731293e+03
-8.535863492906877354e+02
-8.867333251454938363e+02
-9.942809894689044086e+02
-9.678038788185843941e+02
-7.513018056386894159e+02
-1.461582481270474773e+03
-1.274293855350861122e+03
-1.761258563438478177e+03
-1.393520895155607150e+03
-1.501314826341089656e+03
-1.324333467923594526e+03
-1.459548139228768150e+03
-1.516777972025381132e+03
-1.513728064127091102e+03
-1.053510594556067190e+03
-1.664900745592016165e+03
-1.612877148850303001e+03
-1.098829837146925911e+03
-1.733583741783427513e+03
-9.656979632259990467e+02
-9.333295300103204681e+02
-7.690161885551680143e+02
-1.165869755801723841e+03
-1.091586411306818718e+03
-1.155855922411138863e+03
-1.118338693815329634e+03
-7.464124903064316641e+02
-8.587992519694397515e+02
-9.616450194767168114e+02
-1.488620415110630802e+03
-1.158985078809061633e+03
-1.531082462833158843e+03
-1.574223673228557800e+03
-1.778324402350217269e+03
-9.751259113481997929e+02
-1.004400526303994980e+03
-8.690616100970446496e+02
-1.725602682299516573e+03
-1.448753965126631101e+03
-1.695760069149147512e+03
-7.412473451569720737e+02
-1.071194015948601646e+03
-1.828239625903372371e+03
-9.784727586684167591e+02
-7.267077575589031539e+02
-1.199715092137349984e+03
-1.473737885014305675e+03
-1.732685337300431001e+03
-9.686035353933895067e+02
-8.807310179776183077e+02
-1.065012188819433277e+03
-1.076854095735230430e+03
-1.314261970541784422e+03
-1.230921462029206396e+03
-1.402699750212529807e+03
-1.055699389816461235e+03
-9.996961965010692666e+02
-1.211568559365579858e+03
-9.645161342300868910e+02
-9.639262664974913832e+02
-1.312594942721854750e+03
-8.946516992127228605e+02
-1.006704290412362980e+03
-9.235547877899516607e+02
-1.164528393519759675e+03
-1.223647951824181064e+03
-9.929395198432566758e+02
-1.391147313965176181e+03
-9.457807241915638770e+02
-8.622576091057611620e+02
-1.181042225951639011e+03
-8.643085546480314179e+02
-1.165926942955368077e+03
-1.638335563255451234e+03
-1.757872212931454442e+03
-1.786417523626989123e+03
-1.258168911882838529e+03
-1.370759067916011873e+03
-7.962547754478325714e+02
-1.652923158828161377e+03
-1.024104559241241304e+03
-8.952882578145023444e+02
-7.678352784507872002e+02
-1.348506081122988235e+03
-1.727572432557575667e+03
-1.436170807372107220e+03
-1.596581395231985198e+03
-9.379316829602935286e+02
-7.585254572734154408e+02
-1.245325209225866047e+03
-1.203545052468508629e+03
-1.562741124362271876e+03
-1.097153644919014823e+03
-1.227302975942669264e+03
-1.541812119547664452e+03
-1.369965000314412691e+03
-1.173181669554708606e+03
-8.743649747323011070e+02
-8.570870748354064972e+02
-8.869351767537997375e+02
-9.605995973871189335e+02
-1.664912657697129362e+03
-1.205358136195335192e+03
-1.069604597542904912e+03
-8.561928271446562349e+02
-1.764510017524064097e+03
-8.262707096781716700e+02
-9.158854576082644599e+02
-1.397823104483833504e+03
-1.316538611392293433e+03
-1.238904487992571148e+03
-1.363565516542764954e+03
-1.215493927245124723e+03
-1.393193520884816962e+03
-1.071505327588391538e+03
-8.313057541692385257e+02
-1.091790627865386568e+03
-1.805866752181495485e+03
-8.684451876572924220e+02
-9.530104331813830640e+02
-1.068560409851965687e+03
-1.216488294892403019e+03
-1.071294315154220385e+03
-9.003535054842327554e+02
-1.186961643016258677e+03
-1.026600705113719187e+03
-8.513851064857021811e+02
-7.781645097474571457e+02
-8.820822730589536604e+02
-9.692560456193442633e+02
-1.401472848157773797e+03
-9.063526908615199318e+02
-1.343808957460459851e+03
-1.314275280161959245e+03
-9.720338398874927179e+02
-9.768698816199016619e+02
-8.351183393658510568e+02
-1.644816527179746345e+03
-1.211141662661255850e+03
-1.194966999731416536e+03
-1.259769133864286005e+03
-1.257394122401824234e+03
-1.557526677304111217e+03
-1.315694304144498119e+03
-1.074911533321731213e+03
-1.541300079571780316e+03
-8.539077238417081617e+02
-9.097840512347067943e+02
-9.933508452685734937e+02
-8.864026464113045449e+02
-1.267442414598490586e+03
-1.167316388830045526e+03
-9.969934743759326921e+02
-1.633549110073775182e+03
-1.116359029452018376e+03
-1.047353536003296995e+03
-8.999832657787562766e+02
-1.382926192219334780e+03
-1.685621359748847226e+03
-9.751639480352705505e+02
-1.363242388082362595e+03
-1.326682394126540430e+03
-1.669546358156165070e+03
-1.640005671660637290e+03
-9.758074691301800385e+02
-1.167744722247832897e+03
-1.177005346662180273e+03
-1.079708041163792359e+03
-1.172866498740578209e+03
-1.638063390985361821e+03
-9.647128399026322541e+02
-1.806676210332315122e+03
-9.341028248334872615e+02
-1.266006670161077864e+03
-1.788743728387452848e+03
-8.806306039674069552e+02
-8.592422207230969207e+02
-1.376245092351123731e+03
-7.727084399870867628e+02
-1.274501239751190496e+03
-1.683843430216440538e+03
-8.733906542288406172e+02
-1.321269421388549290e+03
-1.152851166849352239e+03
-8.806585273677819714e+02
-1.011951380882869785e+03
-1.065593574674426691e+03
-9.684834355649097688e+02
-1.459379739619371776e+03
-1.005991431927742724e+03
-8.967462050139733947e+02
-1.272163012238205283e+03
-1.686213522973850559e+03
-8.101210691877522549e+02
-8.756392433226311596e+02
-1.084270961903466741e+03
-1.710957701223493586e+03
-8.779991436592135869e+02
-9.741633404488196675e+02
-1.733862902843165557e+03
-9.825954415371935511e+02
-8.550774750999419211e+02
-1.212455951427358059e+03
-7.581941011803920674e+02
-1.659339801977835123e+03
-1.292409994654077082e+03
-8.769697021423028218e+02
-1.000243304733632272e+03
-1.083945478198814726e+03
-1.578308391318845452e+03
-9.777507887631472840e+02
-7.744023609478474555e+02
-1.180138687484812181e+03
-1.440158172584222029e+03
-1.091043533071309639e+03
-8.468119524649966934e+02
-1.767333857472222462e+03
-8.270903530982251368e+02
-8.747464035477605648e+02
-1.341046561667718379e+03
-8.616384464837942687e+02
-1.178307423322388331e+03
-1.485939408760355946e+03
-1.109944803716173965e+03
-8.994545476260702799e+02
-1.622801880921277188e+03
-7.456085000475879951e+02
-1.172070658869793306e+03
-1.180459267535347180e+03
-1.289964415126228687e+03
-1.151627744874529526e+03
-1.078817789214471986e+03
-1.274208047013830992e+03
-1.493125254202574752e+03
-1.186113477391426841e+03
-1.190098875057143005e+03
-1.660778134683652524e+03
-1.168413721181087340e+03
-1.622134654075149001e+03
-1.262385368597625984e+03
-1.613687549515084811e+03
-1.689986459333092398e+03
-1.524712027479964490e+03
-9.656052510470436800e+02
-1.265086376510894752e+03
-1.023476788861686941e+03
-1.229137877063494443e+03
-1.558546132866942799e+03
-9.702396686566587505e+02
-1.325526434653987280e+03
-1.336397135013450907e+03
-1.551696582977155458e+03
-1.289982383106298130e+03
-1.536416378551918342e+03
-1.362690314549753793e+03
-1.394896160989914051e+03
-9.654412979476430792e+02
-1.607978851754880452e+03
-1.692877008528336773e+03
-1.540232437668085822e+03
-1.333492156268555846e+03
-1.071753745074353446e+03
-1.698370704653636949e+03
-1.228266578346509505e+03
-8.924387477265664756e+02
-7.609710276052657036e+02
-8.743978814355315308e+02
-1.351817647520147830e+03
-1.032906042464731854e+03
-1.476287645915104804e+03
-1.095088164277265150e+03
-1.420241899240072826e+03
-1.125263630005809773e+03
-1.788996308821734829e+03
-9.330027757328377902e+02
-7.648686605741398807e+02
-1.771866655617983724e+03
-1.227447631839994756e+03
-1.209164231535106410e+03
-1.005299205135869443e+03
-7.481109090261359142e+02
-1.500509745008774871e+03
-8.839052007048499036e+02
-1.330224371811773835e+03
-1.081295127326395004e+03
-7.682985212087746731e+02
-8.759699769745866433e+02
-1.611576970399445145e+03
-1.041443680653094589e+03
-9.695631720911894718e+02
-1.137269068611934017e+03
-1.377204612242256417e+03
-1.529954739633001736e+03
-9.793196645952100425e+02
-1.174457179254249468e+03
-7.504153755574951674e+02
-1.560634420057837360e+03
-1.572293443901858836e+03
-1.588761900732007234e+03
-1.586719233983746108e+03
-8.910864411727131937e+02
-1.299914414512121539e+03
-1.173240945132622528e+03
-1.837032919918569633e+03
-1.309983793846950675e+03
-9.111487299754248852e+02
-8.864462850660522690e+02
-1.432085700070354278e+03
-1.200783000104695702e+03
-1.763385213499564088e+03
-1.367633972559191989e+03
-8.874175850932263074e+02
-1.299609683183466132e+03
-1.481564514819092437e+03
-1.259626503515633658e+03
-1.209215775330061206e+03
-9.639166282533524281e+02
-1.360174816578864693e+03
-1.268371188844082553e+03
-1.184614224581250255e+03
-9.934653526898583777e+02
-1.746522159206509741e+03
-1.592781932796107185e+03
-1.639068035390127989e+03
-1.535360267781967423e+03
-1.537271022294282830e+03
-7.637353041071528423e+02
-8.556979349410216855e+02
-1.375938277020229179e+03
-1.386919577961961522e+03
-1.323833542806041123e+03
-1.279708511632862155e+03
-1.275149909926806004e+03
-9.517358113673236630e+02
-1.552216787593364415e+03
-1.074476481278423535e+03
-1.697163150504604573e+03
-1.331767822136342602e+03
-1.421660208493445225e+03
-9.378640501324503020e+02
-1.761918268193302993e+03
-1.582151230366520849e+03
-1.324634910984528460e+03
-1.179307562671564710e+03
-8.996857195025648934e+02
-1.392721365745135927e+03
-8.611546357791398805e+02
-1.590932749868606834e+03
-9.059069094552684192e+02
-1.083510747194264013e+03
-1.428451911699869015e+03
-8.566872487028446130e+02
-1.820735472774671962e+03
-1.639044600657336332e+03
-8.177253035304390778e+02
-1.237475073232950308e+03
-1.269100902920897170e+03
-1.703360925390030388e+03
-1.179991307455267133e+03
-8.803832598497893969e+02
-1.300271289264249162e+03
-1.403280435860268653e+03
-1.600976489800440277e+03
-1.359010642700152857e+03
-1.599646005566281019e+03
-1.491109684302970663e+03
-1.305115233228912530e+03
-9.771764690580314436e+02
-1.514692938342243906e+03
-7.738327102422094868e+02
-1.512983937734338951e+03
-1.145164978423239063e+03
-9.653258711263828218e+02
-1.302391159550253406e+03
-1.420714472591704180e+03
-1.397482021485210907e+03
-1.392585498544804523e+03
-1.499770701917294218e+03
-8.801881094413307665e+02
-1.727194981122508352e+03
-1.176574822792413897e+03
-1.261360543888672510e+03
-1.071544262981132761e+03
-9.406046221412385648e+02
-1.270954882325400831e+03
-1.085005013168148025e+03
-1.221171130223111504e+03
-1.190174943330351653e+03
-1.419355973508263560e+03
-1.603178992312904938e+03
-8.981990196964542292e+02
-1.065287992873059011e+03
-1.072260233405431791e+03
-9.954053715599043244e+02
-1.195183123585070916e+03
-9.634804199526155344e+02
-1.169680277209281712e+03
-1.293736324910584244e+03
-1.072243628127465854e+03
-9.680177988248082102e+02
-1.082025419063650361e+03
-1.068900165600412492e+03
-8.640895737546098871e+02
-1.685742717171294544e+03
-1.381514404114451963e+03
-8.561072230831351817e+02
-1.196611120882558225e+03
-9.685215286309246494e+02
-8.683987421636778663e+02
-1.550218296205546721e+03
-1.496507871021279470e+03
-1.072531816881813256e+03
-1.284985455256699652e+03
-7.552803415143796428e+02
-1.220775612307758593e+03
-9.715780455080916909e+02
-1.419521681597679390e+03
-8.741752886075942115e+02
-1.219278161867419158e+03
-1.316722003855198864e+03
-8.613421991537466056e+02
-1.034539721625392076e+03
-1.735533229051873832e+03
-1.531002498671901549e+03
-1.398965261900633095e+03
-7.533223412616916903e+02
-1.278125275802565966e+03
-1.419319688266989488e+03
-1.231645141418806816e+03
-1.208543150227726301e+03
-1.162904017535453477e+03
-1.484184299496631638e+03
-1.291497640131046637e+03
-1.193288300589548953e+03
-1.593172396441847241e+03
-8.771647820246597576e+02
-1.475803687937561335e+03
-9.011682153750981570e+02
-1.378009387231651772e+03
-7.501104612256151540e+02
-9.627417578951658470e+02
-1.622772423477465054e+03
-1.028672375473239526e+03
-9.090060342023961084e+02
-9.759447111993349608e+02
-1.359213485130771005e+03
-1.248052210825681868e+03
-1.514112853041841845e+03
-1.615149739740184941e+03
-1.466212899067462558e+03
-1.293179128529194259e+03
-1.400895835847045873e+03
-1.295496620907352053e+03
-8.814349685409991935e+02
-1.701596507856005928e+03
-1.182422124076000955e+03
-1.438907792860836480e+03
-1.606716098628248119e+03
-9.028197652670321531e+02
-1.562530072317993927e+03
-1.750537911801193104e+03
-1.463487867527746630e+03
-8.852837424523033860e+02
-1.370691040706486774e+03
-9.901676527170138797e+02
-1.714075455474264345e+03
-1.514761249438503455e+03
-1.005518223523787356e+03
-8.710096621464575719e+02
-1.219263067805261244e+03
-1.212993847479195665e+03
-1.309143215601427300e+03
-1.292108294562457786e+03
-1.289319604410773081e+03
-1.439780642091501250e+03
-1.720903956769106799e+03
-1.512542729976800729e+03
-8.927168161730457996e+02
-1.786029410456559162e+03
-1.001291581812021718e+03
-1.715081629640490974e+03
-1.514897561596498690e+03
-1.351161066833170935e+03
-1.377167379033968700e+03
-1.179370119083254849e+03
-8.734124347376938431e+02
-1.310881844054348448e+03
-1.461317979762298819e+03
-1.446475638363032886e+03
-1.603659646178978846e+03
-9.963183425623459470e+02
-8.697923712636608116e+02
-1.398603604826428182e+03
-1.176100222831505334e+03
-8.871809364435902125e+02
-1.177856939360736988e+03
-1.682281830829367209e+03
-1.424909188136359489e+03
-8.461876259220831571e+02
-8.831350756971880855e+02
-9.672150716041933265e+02
-9.740978011148259839e+02
-1.564170697038040089e+03
-9.978556895903954000e+02
-9.737970310724572300e+02
-8.845799345276293479e+02
-1.397804614130283426e+03
-1.343865145468727860e+03
-1.065084618583509382e+03
-1.701287243657675390e+03
-1.181284529621881802e+03
-1.158270782006675745e+03
-1.238080686048324424e+03
-1.455671322270302880e+03
-8.973218265205922535e+02
-1.198641944400529610e+03
-9.928794296536445927e+02
-1.450473396497878184e+03
-1.435033371674394630e+03
-1.478080302132957286e+03
-1.432807903238363451e+03
-1.719522473534910660e+03
-1.210892063049925127e+03
-1.760910481982165038e+03
-1.086782202546217377e+03
-8.954681206633554211e+02
-1.453822582126707630e+03
-1.495998776025882307e+03
-1.262118360469443815e+03
-1.626232015838700590e+03
-1.585466992269780803e+03
-1.533471853576986859e+03
-9.216404096463541009e+02
-8.138998000616570607e+02
-1.434061235980331958e+03
-8.774323015195786866e+02
-1.105444685952771806e+03
-1.172569314065290655e+03
-8.448718231409859527e+02
-8.676158436566668115e+02
-1.068994993209914583e+03
-8.598568883018898532e+02
-1.052674508502076151e+03
-1.089711843410837218e+03
-1.023393565861097727e+03
-1.341358864061001213e+03
-9.571503596844423782e+02
-1.258187101067503136e+03
-1.174969191078912218e+03
-9.668414397603690986e+02
-9.263233489744568487e+02
-1.077252601268881563e+03
-1.661042893857705621e+03
-1.584778545228590019e+03
-1.559581723918605576e+03
-1.461997166851307384e+03
-9.496199007770243270e+02
-1.459681814932048383e+03
-1.654249576133382561e+03
-9.732099451810634037e+02
-1.292445016531631154e+03
-9.961729062275682054e+02
-1.045710751502434732e+03
-9.716528883564712942e+02
-8.023901740906202349e+02
-1.454371184268387879e+03
-1.211868060619209245e+03
-1.715424436521718235e+03
-9.668434763009948938e+02
-1.015034147651302305e+03
-9.930275202137257793e+02
-1.773403374976097211e+03
-1.199799969726851032e+03
-1.169166377742055147e+03
-8.895756038390859430e+02
-1.640304531547172246e+03
-1.393246498708608897e+03
-1.169785168398534552e+03
-1.418349640557977182e+03
-1.403845318317922420e+03
-8.667542551397491479e+02
-8.603523718987444227e+02
-1.376912517324115470e+03
-8.562275113996844311e+02
-7.859179849921382583e+02
-1.021403600559090023e+03
-1.070890003616306785e+03
-8.572879257458515667e+02
-1.628918424537157989e+03
-1.201917929928769354e+03
-8.810533939038123208e+02
-9.065885844635779449e+02
-1.294378604992907412e+03
-1.035865487960187465e+03
-1.313099316884992504e+03
-1.279782824277384407e+03
-1.186261581165746748e+03
-1.741132397207564736e+03
-1.521251954926271537e+03
-1.203384849930776454e+03
-9.105587960135692356e+02
-1.163085155822874867e+03
-1.301153712644271081e+03
-8.895818133795471567e+02
-1.308228811258591350e+03
-1.677796536452596001e+03
-9.115905850632951797e+02
-1.166370802605167910e+03
-7.589153268302721926e+02
-1.509350811780850563e+03
-1.179984702742013042e+03
-1.442995332994347336e+03
-1.348334723771330118e+03
-1.162992765577781938e+03
-9.055038410137532310e+02
-1.821929700516091998e+03
-9.850302730134220610e+02
-1.010169694697004843e+03
-1.270681240837645191e+03
-1.582200704302859094e+03
-1.316329656637753942e+03
-1.084897787177979353e+03
-8.623329373248013781e+02
-1.479626180018831292e+03
-1.189865377070377690e+03
-8.095190640381637195e+02
-1.184359111727264690e+03
-1.704840138757466775e+03
-9.328296995256797572e+02
-1.175489855714256009e+03
-1.465005886953643085e+03
-1.589287044318316930e+03
-1.465647184510492707e+03
-7.774513752825506572e+02
-1.699550888056201984e+03
-1.311988415378319360e+03
-8.888853082301703807e+02
-8.683638973223856965e+02
-1.170117085813848917e+03
-1.189029892872854361e+03
-9.778651146176363227e+02
-1.195759700390760372e+03
-8.570675414409513451e+02
-8.482137517308187853e+02
-1.636301869332503202e+03
-1.629729916573876380e+03
-9.651080391316568239e+02
-1.425349099185025807e+03
-6.634949507826328272e+02
-7.596653287670707186e+02
-1.101381486698632443e+03
-9.671564539643551370e+02
-1.067165107582329711e+03
-8.725183611842431901e+02
-9.825879013775130488e+02
-1.628215046331005851e+03
-9.744854492099565277e+02
-1.092248811214357147e+03
-9.753916778302311741e+02
-1.605895365391199675e+03
-1.092490143071262537e+03
-1.167898088419771284e+03
-8.823808456602221213e+02
-1.376588784589960596e+03
-1.330880254958668274e+03
-1.006740509864744467e+03
-9.324893165104163018e+02
-1.513795490203369809e+03
-9.594518401390168947e+02
-1.801942030502644684e+03
-1.281182983656739452e+03
-1.079891363139016676e+03
-1.378531788349741646e+03
-1.179418397552542501e+03
-1.230899143054740989e+03
-8.751516210139436680e+02
-1.685034488759391706e+03
-1.594886732919423821e+03
-1.803630035777535795e+03
-1.162661858898925630e+03
-1.175490483458600238e+03
-9.536090876304787116e+02
-1.172595909375139627e+03
-1.318484578104217007e+03
-1.425566784937106377e+03
-1.710904788592663181e+03
-1.322948353543109988e+03
-8.893932298354685599e+02
-1.686147140249877111e+03
-9.646073160664035413e+02
-1.199975481936223559e+03
-1.586285336168076356e+03
-9.803449562236571637e+02
-1.285766475140072544e+03
-9.990178289319910618e+02
-8.626980117537034403e+02
-1.066325540010655232e+03
-1.723717629526421888e+03
-1.458205840700687077e+03
-1.707227869986692440e+03
-9.697119529874009913e+02
-8.668842699668251726e+02
-1.135474981378576558e+03
-8.859356425151974008e+02
-1.234826865917067153e+03
-1.258440956474712266e+03
-1.137906204907557367e+03
-1.768988046894872468e+03
-9.399924640407189145e+02
-1.078969052244769955e+03
-1.626526443005860983e+03
-1.498238651720013650e+03
-1.064453269918457408e+03
-1.452244546315576599e+03
-8.867624072057154763e+02
-1.202247978801920681e+03
-1.186635157606156326e+03
-1.516594810571436028e+03
-1.150148252931325487e+03
-1.012195639465571162e+03
-1.399832518739238822e+03
-8.388605620035037873e+02
-1.438001782500548870e+03
-8.830758165496440597e+02
-9.939951503111825559e+02
-1.193608539092241699e+03
-1.577676083721149780e+03
-1.398848730743305850e+03
-1.317670693485338461e+03
-1.669740795290819506e+03
-1.562232977224613705e+03
-1.421587486318751189e+03
-1.192052669596293526e+03
-9.666235565312979361e+02
-1.502301953721839027e+03
-1.318123953932373524e+03
-8.961940210893276344e+02
-1.533609603410617865e+03
-1.268880817717331411e+03
-1.071601811543607027e+03
-1.318665050911318303e+03
-1.074260294901396264e+03
-7.932297759577113538e+02
-1.421803013962168734e+03
-1.146555106759800765e+03
-9.872837670919290076e+02
-1.563443736478960773e+03
-1.481618179826343521e+03
-1.077449853392401337e+03
-8.793944878452145986e+02
-1.573313110746177244e+03
-8.699492686319933910e+02
-1.304542567197437165e+03
-1.272088137280499495e+03
-9.772373830611124959e+02
-1.748613853346655105e+03
-8.220155918714389145e+02
-1.512649246320174598e+03
-1.439931316987120226e+03
-1.116959612197294973e+03
-1.242250265727274609e+03
-1.203769607831326311e+03
-1.443459038121719232e+03
-1.300257242950827049e+03
-9.809816246899893031e+02
-1.495097791397583478e+03
-1.071844732152666893e+03
-1.566708087879799905e+03
-9.920265526410699977e+02
-9.125377026304705623e+02
-1.792815529624492683e+03
-1.650357257920885104e+03
-9.652503869052529808e+02
-8.992419073045050482e+02
-9.612215169514847730e+02
-1.549609950609963789e+03
-1.159444948289602507e+03
-8.435453817616925107e+02
-1.019902183976158199e+03
-1.106608051503383422e+03
-9.778061454695777002e+02
-9.371895491277063002e+02
-1.554830889622635368e+03
-8.833546195810326935e+02
-9.241656335023258180e+02
-9.747043112923632862e+02
-9.128945226391950882e+02
-1.066161187911570778e+03
-1.548216089468940709e+03
-1.332868524335391612e+03
-1.061046850434665203e+03
-1.851494951506474308e+03
-1.065549603987126147e+03
-9.154214633617864365e+02
-7.605529677249055567e+02
-1.407247640399639977e+03
-1.182371604508783776e+03
-1.504342850723280662e+03
-1.827912836764154918e+03
-1.512962901512131566e+03
-1.725817017346032344e+03
-1.592160044245924155e+03
-1.637651308818460620e+03
-9.212586198816688920e+02
-8.695055645176108783e+02
-1.218241222817015341e+03
-1.410733197443906192e+03
-1.117491254245312348e+03
-9.022739499903532305e+02
-1.337857154580056203e+03
-9.688701509496517019e+02
-1.074290761301785324e+03
-1.198968632100105651e+03
-1.325248528272310068e+03
-1.683941930346411937e+03
-9.716343551828942964e+02
-1.506418546186082949e+03
-9.016341719277711491e+02
-1.662161102945745597e+03
-1.373029517854331516e+03
-9.788308769900560264e+02
-1.085154693859305098e+03
-8.701800380466695515e+02
-8.887860272849667354e+02
-7.830339901528309383e+02
-1.086449593175857899e+03
-1.471149487606932553e+03
-1.033995288848981090e+03
-1.173631939192241134e+03
-1.368492006117532355e+03
-9.774656239097142816e+02
-1.480859172550131234e+03
-1.760732252136514035e+03
-1.676132850475944224e+03
-1.084703782548478330e+03
-1.262261837015142646e+03
-8.576711234390024856e+02
-1.259062869555053112e+03
-9.955896012059564555e+02
-1.727243023340244008e+03
-1.162692427340770564e+03
-1.062599966289958275e+03
-9.810283510537589109e+02
-9.880630465992691143e+02
-1.480362993522344823e+03
-1.692794510742683769e+03
-1.145329790553088060e+03
-9.067387726420307672e+02
-1.622181418877844635e+03
-1.722646286079805350e+03
-1.158781228601249950e+03
-1.754284359047519047e+03
-1.341589156670112288e+03
-1.744141222703763788e+03
-7.827687798024360291e+02
-1.068715080466977042e+03
-1.271311370770400799e+03
-1.316675217617903400e+03
-8.534228292915581733e+02
-1.036599715855652903e+03
-1.207925348392843944e+03
-1.784664823910179848e+03
-1.039381902074149593e+03
-8.535231588582207678e+02
-1.587907278874262147e+03
-1.098283796441701725e+03
-8.707718582701147625e+02
-1.035072052999291145e+03
-8.229036198549953269e+02
-8.607910249887946748e+02
-8.889552485093204268e+02
-1.583579026067969608e+03
-1.284729897109896456e+03
-1.171173256015602192e+03
-1.566717755305597393e+03
-8.198162365178402524e+02
-9.358950012129159859e+02
-9.641028325959198355e+02
-7.957507788133077611e+02
-1.091507095344830304e+03
-1.020248027107986445e+03
-1.176139294162619308e+03
-8.710055917264328400e+02
-1.395893893420328368e+03
-1.775941377068747670e+03
-1.276303770022922663e+03
-1.146135823995150304e+03
-1.084148412484960545e+03
-9.827055209907697417e+02
-1.290388008336419261e+03
-8.568261386616694608e+02
-8.758955603071748328e+02
-1.574170737620457203e+03
-8.919486988246932242e+02
-1.520805169481401435e+03
-9.710791882494330594e+02
-8.862452892993729847e+02
-1.085664352170656912e+03
-7.428950633496150431e+02
-1.645540734929763858e+03
-8.762610594230256993e+02
-1.098061268066022194e+03
-1.286233836215671090e+03
-1.665983679693553995e+03
-8.737259629916567292e+02
-7.597786474114221846e+02
-1.390139821542448317e+03
-1.268586959165644430e+03
-1.316761569469334063e+03
-1.591628247928155588e+03
-1.262842014118128873e+03
-9.039493634524917525e+02
-1.080168039479776553e+03
-1.030434010490701667e+03
-1.706136097633824420e+03
-1.255082092828773057e+03
-1.157429063824952209e+03
-1.675907030811066534e+03
-1.560279205657035845e+03
-1.201101560224064997e+03
-1.206151772644536777e+03
-1.075531003646716272e+03
-8.761115707144966791e+02
-9.989012188724527732e+02
-9.639148030296477145e+02
-9.966659483031443187e+02
-1.524707622912112811e+03
-9.939287850718828849e+02
-8.981617110430819366e+02
-7.728546038210984079e+02
-8.999232993163551555e+02
-9.104784977085578248e+02
-1.489435866455737596e+03
-1.552747826642573500e+03
-1.310963299651606576e+03
-1.449841670584455414e+03
-1.361223967962282586e+03
-9.698516069928781462e+02
-1.144801052154494982e+03
-1.735482000803268875e+03
-7.490096740413817997e+02
-1.257532606288151101e+03
-1.537360065676005206e+03
-1.661650218951856914e+03
-1.787015478238940659e+03
-1.070656904540774121e+03
-8.549189284292256161e+02
-1.355415759991671848e+03
-1.627457097732193233e+03
-1.542207999301702785e+03
-8.889156553113821246e+02
-1.418120545222100645e+03
-1.333695381690174372e+03
-1.172808376788095529e+03
-1.439345618975334219e+03
-1.347129772091555196e+03
-1.607687174063797102e+03
-9.034835210195982427e+02
-1.243981350437832134e+03
-1.169197074049281809e+03
-1.566209515529506461e+03
-1.478749146502682606e+03
-1.197077640740303877e+03
-1.147916277808212044e+03
-1.293815185789616180e+03
-1.461165768267484964e+03
-8.476515128581677345e+02
-1.616395997153588496e+03
-1.443897193078708142e+03
-1.396875546033146520e+03
-1.695700969346196871e+03
-1.255085276522352387e+03
-9.643649556299891401e+02
-1.761777797778785043e+03
-1.394491863462318634e+03
-9.669014576869722077e+02
-8.686371933446779394e+02
-1.544839784033596970e+03
-1.796600455295001211e+03
-1.299789236874404196e+03
-9.548062667838602238e+02
-1.151750299809311173e+03
-1.287511685677053038e+03
-1.233341788371457824e+03
-9.001999085931205400e+02
-1.285426694990184615e+03
-1.764704051533066604e+03
-1.531680967264015635e+03
-1.054423253931294539e+03
-1.239116097612806243e+03
-1.397330696331642685e+03
-1.362308724694239800e+03
-1.708324275703059584e+03
-1.166445414645063238e+03
-1.309101240701927281e+03
-1.302805917510396739e+03
-8.069018039711601205e+02
-1.348483613680029066e+03
-1.078548791878173461e+03
-1.639529447185096842e+03
-9.662202928072141503e+02
-1.709288085484796056e+03
-9.841763065545076188e+02
-1.066164643806269169e+03
-1.590984918886886135e+03
-8.553733811263988400e+02
-8.616847917629270341e+02
-9.373340088428660692e+02
-1.221267013943212305e+03
-1.344761757172200305e+03
-1.485576280209630568e+03
-7.676817652164378387e+02
-1.091321903285701865e+03
-1.403126634063573420e+03
-1.094358458965804175e+03
-9.939290261058437181e+02
-1.533916081768915319e+03
-9.685881225589172345e+02
-1.541725906488778946e+03
-1.327982622604658445e+03
-8.864272005439671602e+02
-7.644629286698580017e+02
-8.098397079654527033e+02
-1.202653265023806625e+03
-9.928044759317741637e+02
-1.426085214675885709e+03
-1.320859834103142475e+03
-1.174288535834585218e+03
-7.360644982464626764e+02
-1.606011689228416117e+03
-8.860820954110191678e+02
-8.766349230613795953e+02
-1.173053411378168221e+03
-1.176464154079297487e+03
-1.576635583073194539e+03
-1.076290305911893711e+03
-8.522144008010096741e+02
-1.190310364806129883e+03
-1.356293893233716062e+03
-9.818785207035770100e+02
-8.911148896939664610e+02
-1.637983293242320542e+03
-8.683541225181523942e+02
-1.773391061447565107e+03
-9.813320770701257061e+02
-1.131604994844678004e+03
-7.604214297693889648e+02
-1.265636229306806626e+03
-1.004803924102243741e+03
-1.332631722231468757e+03
-1.224349677930293410e+03
-1.493010924969031748e+03
-9.697081496682734496e+02
-1.697404686812017644e+03
-1.158613376313515346e+03
-1.277093435245266164e+03
-1.427599160638865897e+03
-1.273851367113251399e+03
-1.334329786616343199e+03
-1.513745584307657509e+03
-1.678511306977988397e+03
-9.613001521456637875e+02
-1.476064132528273149e+03
-1.356248358629135055e+03
-1.291175955132319586e+03
-1.524845759337775235e+03
-1.178342198122767059e+03
-1.405220801982104376e+03
-1.539448636177634398e+03
-1.703355164077313248e+03
-9.012384172036970540e+02
-1.248557198297781042e+03
-1.800119320662053269e+03
-1.172798120682643685e+03
-1.075590548195832753e+03
-1.739257937458831748e+03
-1.355263617471839098e+03
-8.740787549235402594e+02
-8.958829097468351392e+02
-1.774272991373456534e+03
-1.727442942923231840e+03
-1.271180563542069649e+03
-1.144127336712508622e+03
-1.203963706444352965e+03
-1.081779820833932945e+03
-8.572516984207675250e+02
-1.313590813224598833e+03
-1.648347990279318992e+03
-9.413571751594212174e+02
-1.769343696856030874e+03
-9.777975985567180714e+02
-1.118350653311579663e+03
-7.676456627180488113e+02
-1.733206825797676174e+03
-1.717407242808168803e+03
-1.578424235869561244e+03
-9.049460262825842847e+02
-1.296068038015772345e+03
-9.160784217628111037e+02
-1.072203438036021453e+03
-9.186261253141474299e+02
-1.583471679406528438e+03
-1.444869224326054109e+03
-1.435707901835276743e+03
-6.431828393441157914e+02
-7.556426499558681371e+02
-1.069815122024858510e+03
-1.175934803576364402e+03
-1.301488644732253988e+03
-1.676648618521862545e+03
-1.478075228979676012e+03
-9.811013144944602118e+02
-1.301853935007206019e+03
-1.087400190612766437e+03
-8.696831844585285580e+02
-9.666273236705042109e+02
-1.492663487126253813e+03
-1.306489096233539158e+03
-1.159090980220705433e+03
-8.566799215089695281e+02
-8.986206523655846468e+02
-1.461228804727783199e+03
-1.389650470918347992e+03
-9.802414350834324068e+02
-1.588724001554982806e+03
-1.100068450052695198e+03
-1.286043553097447102e+03
-1.845489794811318916e+03
-8.171795791009919867e+02
-1.421943158335191583e+03
-8.778819779129056542e+02
-9.709600271431693272e+02
-1.110058702471448214e+03
-8.709789164262250551e+02
-1.015045376479615356e+03
-9.644942967969313941e+02
-1.613257452304414528e+03
-9.665920442037637486e+02
-1.488314625959831119e+03
-7.813662012193821056e+02
-1.290137395659432514e+03
-1.531069106442881321e+03
-1.164600652399892169e+03
-1.068985387416563754e+03
-1.505966506846276843e+03
-9.915893828389722557e+02
-1.430251255193308225e+03
-1.161925263157232393e+03
-9.147929547262845063e+02
-8.854974879484757366e+02
-7.530378366871372009e+02
-1.316313694999281779e+03
-1.275004146752577299e+03
-8.845657252583323498e+02
-1.185041952373978802e+03
-8.389758757799196474e+02
-8.968755304044040031e+02
-1.764455548318677756e+03
-1.270654566982695997e+03
-1.054537407672163454e+03
-1.166560157315080687e+03
-9.931333798913976807e+02
-1.569897903640447339e+03
-9.839812903296786999e+02
-9.799020955809099860e+02
-1.348982648980431577e+03
-1.828983168438200664e+03
-1.691597752869301758e+03
-1.086983440732261897e+03
-1.665662656297980675e+03
-9.299252323299167529e+02
-1.186612845694239923e+03
-1.648500217948037061e+03
-9.700635058947934795e+02
-1.198780861148476561e+03
-8.869091176130353915e+02
-9.979858784018757660e+02
-1.444035300494540934e+03
-9.738187080813595458e+02
-1.740690235362925478e+03
-8.995283720974031212e+02
-1.637403816850496241e+03
-1.566463613827129620e+03
-9.123622566901378832e+02
-1.333644750644527221e+03
-1.497447266217782499e+03
-1.756260453381855314e+03
-1.213538879777202283e+03
-9.459725666893879179e+02
-7.699337317996681804e+02
-1.016464649075633702e+03
-1.173149139647726088e+03
-1.538992149060472229e+03
-1.296084398803815247e+03
-1.498986518929722706e+03
-8.970001947186678990e+02
-1.278051677948240012e+03
-1.410034241052103425e+03
-1.476636637316669066e+03
-1.325379117052816810e+03
-1.405367010545844323e+03
-9.390262045107582480e+02
-1.488063648368584154e+03
-1.705622794405880995e+03
-9.758139572429072359e+02
-9.638361883255262228e+02
-1.080564972816096542e+03
-1.013300893182585924e+03
-1.046109363594611750e+03
-1.141516951676765984e+03
-1.285217174720153480e+03
-1.117220955201428978e+03
-1.267272133334341561e+03
-8.716477287616716012e+02
-1.608164986120069671e+03
-1.301151266022357731e+03
-8.787837202699255386e+02
-1.168761372031263363e+03
-1.473658530866420278e+03
-1.169960479284004805e+03
-1.558593101995335473e+03
-1.758874060320304125e+03
-1.269346058123026523e+03
-1.767195724383584320e+03
-1.581586078572466704e+03
-8.114867444514770796e+02
-8.791321867532728902e+02
-8.625911615768244474e+02
-1.204244312909746668e+03
-1.140873873673300523e+03
-1.155515291624884185e+03
-9.078605820772672814e+02
-1.547183699355609406e+03
-1.287544989837532512e+03
-1.057629820788269171e+03
-1.211953797807862884e+03
-1.555303334083059326e+03
-1.177840306391583681e+03
-1.291067507030420757e+03
-1.312882833207652538e+03
-1.499108533901989858e+03
-1.713479586382913112e+03
-1.639350533655990148e+03
-9.539044895086085489e+02
-9.743740728254929309e+02
-9.605193096310977126e+02
-1.181461647028993411e+03
-1.058983226951622328e+03
-7.455944722297826956e+02
-1.669597549110664659e+03
-1.552220044445662779e+03
-1.626652957189221297e+03
-8.941602261944788097e+02
-9.893479249393874397e+02
-9.950315853322809971e+02
-9.777663480529524804e+02
-1.330554034287951254e+03
-1.704446569520101320e+03
-1.436714664361817313e+03
-9.468575797656454824e+02
-1.245240655098532898e+03
-1.644265084941079522e+03
-8.763474702276052994e+02
-9.407643424732132189e+02
-8.943969451348895063e+02
-1.228421649294203462e+03
-1.066616725759472274e+03
-1.613048604205550191e+03
-1.270888369788399132e+03
-1.496807317052912367e+03
-1.510719259792127104e+03
-8.603104493192815880e+02
-1.552694161997862466e+03
-1.175687525854565365e+03
-1.339508413486211339e+03
-8.516503711769021265e+02
-1.587364114962816984e+03
-1.168861162801726550e+03
-1.670576534566714145e+03
-1.030997173915593066e+03
-1.572618982855078229e+03
-1.156965683028538706e+03
-1.471363436979494963e+03
-1.355743377558051407e+03
-9.925405395009275935e+02
-1.086559487779621350e+03
-1.384226082625260233e+03
-1.177585585088183734e+03
-9.636402157469188978e+02
-7.582843888243752417e+02
-1.781155222344651520e+03
-1.503832975562741012e+03
-9.819889448824291094e+02
-1.517366221392859188e+03
-1.126196934963616741e+03
-7.492209924190907486e+02
-1.522888016862523955e+03
-1.291834979789558247e+03
-1.079262513901481498e+03
-8.926673211674908544e+02
-8.769484829159815718e+02
-1.292818813632171214e+03
-8.178958528962363062e+02
-1.175403400712548091e+03
-1.594336634059943208e+03
-9.077872672284127020e+02
-1.234559416743834618e+03
-1.520248328673965943e+03
-1.067977850346700507e+03
-9.629141933733552605e+02
-1.324077433722711248e+03
-1.540858071096343110e+03
-9.355401437019588684e+02
-1.083913167869569179e+03
-1.628661791765584212e+03
-1.577237701075656332e+03
-1.336271808683893141e+03
-1.423578288860747307e+03
-1.296879472482507026e+03
-1.072661849083791822e+03
-1.330460479157391546e+03
-1.079191964361097007e+03
-1.546176731878343844e+03
-8.814003833440482367e+02
-1.515366434900489594e+03
-1.067047263525095104e+03
-9.921677604408189382e+02
-1.172138639696849168e+03
-1.105850625680006715e+03
-1.742130827975284319e+03
-1.093108885845879740e+03
-1.610887424175470869e+03
-1.061737126448180788e+03
-8.775742593139279961e+02
-1.072169912711742427e+03
-9.813814242180552583e+02
-1.065811290530126598e+03
-1.375746066389894622e+03
-8.743660933107202027e+02
-1.400448008267682553e+03
-9.203948662480102030e+02
-1.541698307268542067e+03
-1.310202791759470983e+03
-1.593307583371034298e+03
-1.354431034641552060e+03
-1.535974006760049633e+03
-1.533678346644943304e+03
-1.687781546357489560e+03
-1.196630848226965327e+03
-1.194532326455004522e+03
-1.256940665306011169e+03
-1.690910819375070787e+03
-1.423548040966447843e+03
-9.042953494320115624e+02
-1.306296301724501973e+03
-1.529092096141419006e+03
-1.132928936940841140e+03
-1.865131002219632819e+03
-1.091015171385181247e+03
-1.633531836935453839e+03
-1.696740782187157038e+03
-1.001119446964270196e+03
-1.335372480307150454e+03
-1.696436798302345551e+03
-1.195878734870987273e+03
-1.344716484470552359e+03
-1.710756816686321827e+03
-1.491174262807299328e+03
-1.576779574877979485e+03
-1.175470538090339460e+03
-1.656575979577468161e+03
-1.342912994268267767e+03
-1.569231424677235282e+03
-1.666017449340243957e+03
-1.602557827951335184e+03
-1.105673998816822404e+03
-1.420930934623762369e+03
-9.929403731209308717e+02
-1.342860966630973280e+03
-1.344290068252412311e+03
-1.311967697688663065e+03
-1.119133966803575959e+03
-1.680215801426375265e+03
-1.081279585749788566e+03
-1.536198527954089741e+03
-8.940152522111089866e+02
-8.728816883040276480e+02
-1.555421544768273861e+03
-1.306333541650102006e+03
-1.527884135294458247e+03
-1.424059465735675985e+03
-1.589905649931049538e+03
-1.281102279927454902e+03
-1.414964356997748837e+03
-7.873407063810816453e+02
-1.315689286873101537e+03
-1.724071339545158708e+03
-1.169011583044716645e+03
-1.007600014366777259e+03
-1.559625466283800051e+03
-1.270610242153868739e+03
-9.778700855022896121e+02
-1.287974078431336238e+03
-1.452077767980745193e+03
-9.505137207365328322e+02
-8.017005262393410021e+02
-1.556713405875365197e+03
-1.293851035865819540e+03
-1.342198177104233082e+03
-1.759329240439375099e+03
-1.828090337063043535e+03
-1.068864902255726065e+03
-1.293296501934298249e+03
-9.653018119099830301e+02
-1.463346301001920892e+03
-8.536362373274672564e+02
-1.570843326149253699e+03
-1.139000314556422609e+03
-1.328335584910257467e+03
-1.801338675773214163e+03
-1.092745312689016146e+03
-1.645285693078004442e+03
-1.344035453411377148e+03
-1.846679980821198569e+03
-1.258125678077616385e+03
-1.185724247675339484e+03
-9.028330460752453064e+02
-1.216170037003409334e+03
-9.810390716226673931e+02
-9.019315678105672305e+02
-1.126488355990596119e+03
-1.432507268540869973e+03
-1.394930284030184566e+03
-1.273215103340836095e+03
-1.011718456443357468e+03
-9.543141472094403071e+02
-1.633502715261467984e+03
-1.435839535910911763e+03
-1.038875617718809281e+03
-1.723747386321262411e+03
-9.023332708907774986e+02
-1.412018372742800011e+03
-8.700698259996202069e+02
-1.196462539617897619e+03
-1.412138821200503116e+03
-1.545849693456287014e+03
-1.725527898245163669e+03
-1.757263940015777507e+03
-9.712992789735802717e+02
-1.072487590975357989e+03
-1.503351073670723508e+03
-1.222189079431902428e+03
-1.328492825362283384e+03
-1.087640725370193422e+03
-1.821702062641231578e+03
-1.686505817300867648e+03
-1.172248583185298003e+03
-1.719026564468522338e+03
-1.178073152510965883e+03
-7.392426281979965097e+02
-1.086348464263109008e+03
-1.609888354625594502e+03
-1.297619475875953867e+03
-1.323066055441851631e+03
-9.910374164234357295e+02
-1.556471300931615588e+03
-8.159363558406074617e+02
-1.255735568373446768e+03
-1.331619934541536850e+03
-7.862795101803960733e+02
-1.095118795405311630e+03
-1.172557970361544449e+03
-1.350521595336565497e+03
-1.206314833240854568e+03
-9.620535271170963370e+02
-6.367764754179062265e+02
-8.684106870230089044e+02
-8.561566138990730224e+02
-1.661326643586469800e+03
-1.745708512808107571e+03
-1.177107558394740636e+03
-8.599442867493286258e+02
-1.730059460401693741e+03
-1.478115793389206146e+03
-1.008413822757870207e+03
-8.561572251719254609e+02
-1.417345788910003648e+03
-1.170923407009001949e+03
-8.836699339655438052e+02
-1.633910248413442332e+03
-8.763544277603613182e+02
-8.023905611473890076e+02
-1.427871978755083319e+03
-1.326162115634469274e+03
-1.662217479543036006e+03
-1.141957544278101523e+03
-1.155060675409714577e+03
-1.054074316008745882e+03
-9.882066547980987252e+02
-8.583675115457375568e+02
-1.160960767703854572e+03
-1.781583147079993751e+03
-1.574714722916525261e+03
-1.315357904069318238e+03
-1.100997672586459657e+03
-9.028928201127531565e+02
-1.612313682985826972e+03
-1.151468033621754103e+03
-1.589326640510363404e+03
-1.531443768178438859e+03
-1.753264865614969040e+03
-1.454491728912380268e+03
-9.707110740815332974e+02
-1.088722926762274483e+03
-9.638301598084270836e+02
-1.431968094341575807e+03
-9.773495021156322764e+02
-9.122857100173687286e+02
-1.180079712955257719e+03
-1.068833047285910197e+03
-1.623476503586741046e+03
-8.885306991578136149e+02
-1.275674218201098711e+03
-8.988379196331800358e+02
-1.733155336822173012e+03
-8.791359368916722588e+02
-1.299842963533437342e+03
-1.538482496237919349e+03
-1.557980669516336775e+03
-1.670226084505939752e+03
-1.179552426055781780e+03
-1.406677762926017749e+03
-1.314360859227918809e+03
-1.507849496806447405e+03
-9.530246846341229912e+02
-7.984799999275040818e+02
-1.162275017984103670e+03
-1.657665443389270195e+03
-1.390014713489189262e+03
-1.060089604809108778e+03
-1.085519714209311587e+03
-8.834744028899984869e+02
-9.884461421437302988e+02
-9.624950487259460488e+02
-9.756265278380335531e+02
-1.712787381721784641e+03
-1.079287056687170889e+03
-7.907722394963464012e+02
-1.690343235563222379e+03
-1.019075757825518167e+03
-9.769568320663663599e+02
-9.321224992276789862e+02
-1.737239160052364696e+03
-1.746103087931785012e+03
-1.278131595430231073e+03
-1.597494410487339110e+03
-9.889218146366353039e+02
-1.320355904037263826e+03
-1.564463233066016301e+03
